0 0 0 0 0 0 0 0 0 0 0 0 0 0 0 0 0 0 0 0 0 0 0 0 0 0 0 0 0 0 0 0 0 0 0 0 0 0 0 0 0 0 0 0 0 0 0 0 83 211 141 101 117 209 21 21 20 70 33 0 29 12 120 29 37 76 0 0 0 0 0 0 0 151 1634 1 13 13 0 0 185 0 0 145 246 0 0 0 0 0 0 15 0 3 625 1007 1072 1 12 19 0 1 57 1172 273 165 27 0 0 11 25 10 2 0 0 0 0 44 449 257 500 0 0 0 0 0 0 0 4 33 37 45 30 0 0 0 0 0 0 0 0 2 0 0 0 0 0 0 0 0
0 0 0 0 0 0 0 0 0 0 0 0 0 0 0 0 0 0 0 0 0 0 0 0 0 0 0 0 0 0 0 0 0 0 0 0 0 0 0 0 1 1 0 0 0 0 0 1 144 550 0 0 0 215 167 0 7 25 69 81 123 4 3 25 128 13 0 0 0 0 5 8 3 197 1662 4 0 9 6 4 215 25 93 47 40 71 0 0 0 0 0 7 11 683 390 721 8 282 92 5 3 0 372 863 224 94 0 0 0 0 0 0 66 45 0 0 28 177 502 962 510 4 0 0 0 0 42 82 23 0 29 7 18 0 0 0 0 0 0 0 1 0 0 0 0 0 0 0 0 0
0 0 0 0 0 0 0 0 0 0 0 0 0 0 0 0 0 0 0 0 0 0 0 0 0 0 0 0 0 0 0 0 0 0 0 0 0 0 0 0 0 0 0 0 0 0 0 59 169 152 22 36 28 35 303 19 17 28 0 1 81 1 0 0 95 0 0 8 0 0 0 0 0 0 1650 0 0 0 8 274 403 86 208 123 129 118 44 30 10 0 0 0 513 346 488 131 115 101 0 0 0 41 80 1324 247 0 0 0 1 83 179 148 227 23 59 50 81 40 108 488 723 1 0 22 69 74 29 77 373 0 30 3 11 0 0 0 0 0 7 1 1 0 0 0 4 0 0 0 0 0
0 0 0 0 0 0 0 0 0 0 0 0 0 0 0 0 0 0 0 0 0 0 0 0 0 0 0 0 0 0 0 0 0 0 0 0 0 0 1 0 1 0 0 0 0 0 0 306 449 74 0 0 18 0 126 118 23 36 4 2 63 16 3 28 43 0 2 2 2 4 0 0 0 0 1628 2 0 0 2 303 19 0 16 10 37 1 66 256 143 0 0 0 1275 697 374 151 0 89 0 0 56 665 300 1726 349 382 543 156 117 40 35 3 127 172 180 126 175 37 67 1000 1002 265 19 200 30 18 0 0 5 154 46 4 18 0 0 0 1 3 3 0 0 0 0 0 0 0 0 0 0 0
0 0 0 0 0 0 0 0 0 0 0 0 0 0 0 0 0 0 0 0 0 0 0 0 0 0 0 0 0 0 0 0 0 0 0 1 1 0 0 0 0 0 0 0 0 0 0 952 180 0 0 0 12 0 0 170 305 77 23 3 305 298 6 944 68 0 7 2 3 2 0 0 0 0 1585 8 0 18 0 302 0 0 0 18 25 5 0 0 76 231 260 52 1101 932 190 95 236 85 2 465 1821 2176 1066 38 0 0 285 0 1 123 10 0 0 0 3 184 590 1 1555 400 20 931 79 0 0 79 0 0 23 64 77 64 84 3 2 13 4 0 0 0 0 0 0 0 0 0 0 0 0 0
0 0 0 0 0 0 0 0 0 0 0 0 0 0 0 0 0 0 0 0 0 0 0 0 0 0 0 0 0 0 0 0 0 0 0 0 0 0 0 0 0 0 0 0 0 0 0 699 197 24 0 0 0 9 76 42 13 134 192 200 338 12 795 729 1 55 35 12 0 6 7 27 16 6 1646 34 8 11 4 266 0 0 0 1 9 16 0 0 76 44 192 572 844 2288 477 80 186 129 48 1054 917 5134 464 1 21 0 281 44 0 40 16 0 0 0 0 0 665 252 940 0 19 788 1 0 0 17 76 12 25 0 0 170 5 1 1 0 0 0 0 0 0 0 0 0 0 0 0 59 73 351
0 0 0 0 0 0 0 0 0 0 0 0 0 0 0 0 0 0 0 0 0 0 0 0 0 0 0 0 0 0 0 0 0 0 0 1 0 0 0 0 0 0 0 0 0 0 0 386 199 241 256 326 0 0 0 0 29 2 4 69 65 23 108 580 333 0 20 41 0 8 145 0 1 78 2096 163 93 0 59 362 16 0 0 0 12 12 0 35 292 35 188 1045 769 567 200 166 200 294 134 23 2630 540 0 0 21 0 0 227 1 32 20 6 0 0 0 111 199 384 35 0 1 761 5 4 0 1 22 39 8 0 45 41 2 1 0 0 0 0 0 0 0 0 0 0 0 0 1 307 418 2
0 0 0 0 0 0 0 0 0 0 0 0 0 0 0 0 0 0 0 0 0 0 0 0 0 0 1 0 1 0 1 0 1 0 1 0 0 0 0 0 0 0 0 0 0 0 0 291 23 14 17 1000 265 114 0 0 0 3 3 1 6 0 155 5 1054 614 610 80 48 2 29 109 43 547 2954 709 797 1056 683 516 639 0 2 10 11 17 0 88 302 1688 1497 1148 254 1261 175 167 397 21 172 2265 250 127 0 1 0 5 0 221 186 76 206 3 2 12 103 257 284 0 18 19 2 714 98 15 0 0 0 0 7 5 96 89 4 0 0 0 0 0 0 0 0 0 0 0 0 1 1 512 19 151
0 0 0 0 0 0 0 0 0 0 0 0 0 0 0 0 0 0 0 0 0 0 0 0 0 0 0 0 0 0 0 0 0 0 1 1 0 0 0 0 0 0 0 0 0 0 0 248 19 26 53 3 16 69 183 28 0 0 0 0 0 2 116 235 68 1 325 619 9 69 36 28 279 0 2147 4 26 228 24 130 1837 1127 313 139 17 10 3 22 192 935 1320 15 1100 178 148 249 320 1623 2346 148 68 117 0 0 0 1 13 2 314 19 33 8 71 151 722 632 0 0 0 46 13 782 60 1 1 0 0 2 6 383 8 1 4 0 0 0 0 0 0 0 0 0 0 0 1 38 462 18 23 4
0 0 0 0 0 0 0 0 0 0 0 0 0 0 0 0 0 0 0 0 0 0 0 0 0 0 0 0 0 0 0 0 0 0 0 0 0 0 0 0 0 0 0 0 0 0 203 724 119 123 158 0 0 0 0 168 272 24 0 0 0 0 27 131 51 93 60 990 651 1138 1398 1187 379 1071 3105 5 93 19 171 91 22 1901 66 695 357 275 261 199 254 1932 317 0 1292 178 153 173 1465 481 138 84 28 233 0 0 6 30 52 57 432 0 127 147 70 818 355 166 130 0 0 0 252 698 22 10 1 0 0 9 192 19 0 0 4 0 0 0 0 0 0 0 0 0 0 0 1 258 585 84 4 0
0 0 0 0 0 0 0 0 0 0 0 0 0 0 0 0 0 0 0 0 0 0 0 0 0 0 0 0 0 0 0 0 0 0 0 0 0 0 0 0 0 0 0 0 0 0 256 12 109 130 154 108 10 0 0 0 210 60 19 9 0 10 0 32 55 117 27 50 15 56 41 44 2176 64 2911 23 108 27 300 16 113 445 411 270 66 22 133 1146 1425 988 1 863 436 197 243 545 1882 0 4 20 1 54 517 488 35 0 14 4 350 35 130 678 476 2 369 27 115 70 0 0 845 11 79 1 0 0 0 85 63 0 0 0 6 22 0 0 0 0 0 0 0 0 0 0 39 615 116 15 0 0
0 0 0 0 0 0 0 0 0 0 0 0 0 0 0 0 0 0 0 0 0 0 0 0 0 0 0 0 0 0 0 0 0 0 0 0 0 0 0 0 0 0 0 0 0 0 233 0 0 0 0 3 98 101 111 131 159 35 1 11 60 273 120 56 44 54 110 38 166 60 74 317 584 716 3127 26 4 134 2 18 109 9 838 613 1094 1201 1380 1068 447 1556 6 1049 226 131 485 3740 760 0 0 0 1 12 54 118 1175 0 5 51 546 94 283 670 160 0 94 0 0 105 8 510 310 1 0 1 2 1 0 156 3 0 0 0 10 1 0 0 0 0 0 0 0 0 0 6 636 20 5 15 0 0
0 0 0 0 0 0 0 0 0 0 0 0 0 0 0 0 0 0 0 0 0 0 0 0 0 0 0 0 0 0 0 0 0 0 0 0 0 0 0 0 0 0 0 0 0 0 254 12 4 17 57 0 0 0 0 1041 86 10 18 0 65 28 27 55 33 3 22 53 133 19 47 343 286 175 3127 0 44 55 22 27 521 1237 1500 1863 382 348 130 426 143 2035 463 1548 180 978 2074 20 149 0 0 0 0 43 243 86 295 51 545 1181 880 1255 330 190 109 240 42 0 1 111 190 641 0 14 0 0 0 12 217 134 24 9 29 26 13 0 0 3 0 0 0 0 0 0 0 489 40 10 4 9 0 0
0 0 0 0 0 0 0 0 0 0 0 0 0 0 0 0 0 0 0 0 0 0 0 0 0 0 0 0 0 0 0 0 0 0 0 0 0 0 0 0 0 0 0 0 0 0 482 45 52 33 9 0 0 0 0 296 50 48 41 0 47 0 0 12 12 0 5 81 29 38 168 294 25 1163 3388 1196 41 1035 1160 1144 605 8 367 1864 807 580 201 192 512 1632 10279 461 1506 3113 402 0 0 0 27 4 162 136 2906 2590 1223 798 1132 108 24 191 159 187 750 140 85 0 0 6 969 2 0 28 4 0 81 594 23 0 12 0 0 0 7 0 3 1 0 0 0 0 0 0 55 401 0 18 2 0 0 0
0 0 0 0 0 0 0 0 0 0 0 0 0 0 0 0 0 0 0 0 0 0 0 0 0 0 0 0 0 0 0 0 0 0 0 0 0 0 0 0 0 0 0 0 0 0 473 20 61 30 99 34 63 63 76 198 328 2 271 62 46 44 9 33 1 0 0 11 47 76 467 124 25 3462 5333 2564 1107 121 1 0 0 0 125 1138 125 645 394 161 828 2703 6180 3115 1505 176 15 0 0 0 1 20 474 1485 61 127 243 101 98 1 12 25 179 150 44 3 67 10 9 698 350 3 0 25 0 142 426 10 0 0 3 0 0 1 13 2 2 0 0 0 0 0 0 0 515 2 0 0 0 0 0 0
0 0 0 0 0 0 0 0 0 0 0 0 0 0 0 0 0 0 0 0 0 0 0 0 0 0 0 0 0 0 0 0 0 0 0 0 0 0 0 0 0 0 0 0 0 0 294 2 1 134 21 113 0 30 42 87 738 502 10 163 27 26 4 0 34 0 0 0 211 8 3 2374 4976 1816 2601 262 0 0 2 0 0 0 109 1064 501 588 765 536 721 13963 5926 350 364 493 27 16 0 1 47 592 1052 65 21 63 213 154 9 0 8 9 0 31 0 39 25 131 7 973 46 0 7 4 191 147 56 29 11 1 0 0 3 10 4 5 0 0 0 0 0 0 0 193 322 0 0 0 0 0 0 1
0 0 0 0 0 0 0 0 0 0 0 0 0 0 0 0 0 0 0 0 0 0 0 0 0 0 0 0 0 0 0 0 0 0 0 0 0 0 0 0 0 0 0 0 0 0 320 10 65 14 1 48 113 117 0 84 51 245 497 171 5 0 0 0 0 0 7 0 84 0 3424 3089 626 837 1188 1413 151 189 1121 127 0 0 0 57 810 92 917 2750 883 5037 1265 119 157 149 0 0 11 9 1015 1316 218 13 26 0 933 1 0 0 0 105 0 42 80 71 47 465 659 291 0 7 9 140 274 40 7 29 17 0 0 0 1 0 1 53 1 0 0 0 0 0 373 349 0 0 0 0 0 0 0 13
0 0 0 0 0 0 0 0 0 0 0 0 0 0 0 0 0 0 0 0 0 0 0 0 0 0 0 0 0 0 0 0 0 0 0 0 0 0 0 0 0 0 0 0 0 0 290 46 9 2 5 11 12 64 25 24 74 0 1069 503 32 0 0 0 0 338 555 317 93 4234 1863 151 291 359 1053 2352 2 778 1522 502 1860 962 956 1907 316 41 294 378 4128 2943 4361 0 59 26 4 3 54 972 950 105 163 195 110 229 85 153 0 0 0 0 0 21 34 54 229 386 893 432 6 20 266 243 26 62 20 131 0 0 0 0 2 0 7 10 0 0 0 0 0 2 596 6 0 0 0 0 0 0 9 55
0 0 0 0 0 0 0 0 0 0 0 0 0 0 0 0 0 0 0 0 0 0 0 0 0 0 0 0 0 0 0 0 0 0 0 0 0 0 0 0 0 0 0 0 0 194 134 16 2 0 0 3 71 40 65 63 1189 74 79 1242 6 0 0 0 0 25 114 563 4781 1058 221 439 16 456 647 2440 2151 3607 2687 802 190 43 187 2527 260 8 185 111 764 1351 6072 305 34 123 56 32 1122 743 78 2 0 47 45 266 4 232 0 0 0 9 3 1 73 11 186 441 942 348 401 252 393 0 0 8 2 0 0 0 0 2 0 0 148 0 0 0 0 0 145 936 154 48 9 0 0 0 0 0 21 31
0 0 0 0 0 0 0 0 0 0 0 0 0 0 0 0 0 0 0 0 0 0 0 0 0 0 0 0 0 0 0 0 0 0 0 0 0 0 0 0 0 0 0 0 26 355 0 0 9 6 82 109 267 61 0 304 485 658 91 549 0 0 0 0 0 17 300 4006 981 0 374 18 40 1104 1255 1995 3211 700 935 336 36 1 865 1688 72 119 560 543 139 1596 25512 6420 4058 3420 3321 1557 373 54 5 0 0 37 308 4 23 211 5 11 13 27 1543 16 22 352 571 398 748 1 51 102 0 3 5 1 2 0 0 0 0 2 0 24 17 6 30 0 0 0 491 162 0 0 16 42 33 18 0 17 51 15
0 0 0 0 0 0 0 0 0 0 0 0 0 0 0 0 0 0 0 0 0 0 0 0 0 0 0 0 0 0 0 0 0 0 0 0 0 0 0 0 0 0 0 0 1134 140 7 236 1 2 770 31 100 22 46 314 0 310 0 466 2 1 0 0 0 96 485 4315 446 723 311 54 38 282 1041 2 1216 1662 502 412 0 242 905 1748 206 233 943 1183 411 1249 4251 72 620 827 4592 1780 74 232 0 0 0 0 343 0 72 0 76 34 22 50 730 235 988 521 0 27 660 1 47 98 14 0 0 0 0 0 0 2 8 28 27 58 4 2 0 0 0 521 696 184 44 22 0 0 0 45 71 25 0 14
0 0 0 0 0 0 0 0 0 0 0 0 0 0 0 0 0 0 0 0 0 0 0 0 0 0 0 0 0 0 0 0 0 0 0 0 0 0 0 0 0 0 0 462 372 45 209 285 91 38 114 97 245 77 65 295 131 72 0 474 37 0 0 0 28 364 232 3668 576 179 31 189 0 49 844 584 1024 532 2062 2326 1279 564 721 3109 1364 1899 1550 52 835 376 3436 45 191 223 1060 4180 769 18 25 0 0 29 449 266 423 0 26 1 110 201 264 468 176 0 0 22 710 3 0 7 66 32 66 52 45 61 69 37 17 12 0 0 0 0 0 0 120 524 142 7 100 69 16 0 17 5 33 28 8 61
0 0 0 0 0 0 0 0 0 0 0 0 0 0 0 0 0 0 0 0 0 0 0 0 0 0 0 0 0 0 0 0 0 0 0 0 0 0 0 0 0 0 0 1145 348 1869 33 0 80 166 244 184 848 187 10 99 28 228 53 1148 172 0 0 0 218 0 329 3403 286 448 36 514 33 0 814 13 780 970 824 512 927 2720 2573 2617 3525 1256 1973 976 424 1004 5607 830 1108 824 1070 592 3955 34 411 369 1168 1289 911 2999 1361 1413 583 35 25 577 329 0 149 0 0 524 175 7 0 8 0 0 0 0 0 0 0 0 0 0 0 0 0 0 0 43 802 103 3 3 84 0 20 17 4 0 0 10 83 83
0 0 0 0 0 0 0 0 0 0 0 0 0 0 0 0 0 0 0 0 0 0 0 0 0 0 0 0 0 0 0 0 0 0 0 0 0 0 0 0 0 0 0 453 70 159 109 72 256 133 119 194 68 361 453 675 28 370 565 1132 759 640 80 158 43 1 79 3725 549 1100 1594 1391 603 65 532 27 702 1238 1334 5409 3858 193 990 10809 4191 4177 2552 1665 821 2249 3449 739 689 212 2205 928 4092 0 2626 1853 1150 0 1004 258 229 139 218 1073 1093 161 7 11 172 1 20 694 14 0 0 39 0 0 0 0 0 0 0 0 0 0 0 0 0 0 536 586 5 1 6 30 176 0 0 35 10 0 0 0 51 0
0 0 0 0 0 0 0 0 0 0 0 0 0 0 0 0 0 0 0 0 0 0 0 0 0 0 0 0 0 0 0 0 0 0 0 0 0 0 0 0 0 0 0 449 0 25 0 0 12 32 36 9 0 1 2 983 121 110 0 0 426 83 1853 1665 2 0 15 3674 142 113 3085 0 459 913 298 510 3939 4330 4695 1293 4870 2997 2652 641 314 6450 624 1901 4972 3640 18684 13860 7098 3940 10075 6006 14159 4077 1732 458 383 0 682 268 637 141 232 551 160 152 29 285 283 14 0 687 0 0 0 0 0 0 0 0 0 0 0 0 0 389 569 554 717 601 285 0 0 424 96 36 103 177 108 521 26 0 0 0 28 0
0 0 0 0 0 0 0 0 0 0 0 0 0 0 0 0 0 0 0 0 0 0 0 0 0 0 0 0 0 0 0 0 0 0 0 0 0 0 0 0 0 0 0 732 0 9 31 0 213 58 66 60 0 11 57 527 30 130 0 0 102 565 416 286 1400 1110 5785 7118 4910 3416 4103 457 306 921 1089 590 7477 1005 376 1037 2869 4478 23 2442 1120 2983 3458 298 6470 4835 30327 5952 1416 2165 501 33 11533 369 1601 190 0 107 446 0 295 78 75 75 0 77 567 563 1062 94 5 697 0 0 0 0 0 0 124 1087 1189 617 2 1531 992 277 0 4 21 23 0 0 0 0 112 212 8 1238 0 0 34 0 0 28 2 0
0 0 0 0 0 0 0 0 0 0 0 0 0 0 0 0 0 0 0 0 0 0 0 0 0 0 0 0 0 0 0 0 0 0 0 0 0 0 0 0 0 0 209 676 8 0 23 119 133 11 13 13 71 179 53 563 40 117 0 0 0 15 135 1395 6 9047 1519 5544 2311 488 544 1309 2506 119 307 3921 4691 816 1853 2184 2532 340 43 1120 61 58 11263 2607 501 305 14521 3622 4730 2207 456 25 18341 76 1472 147 79 665 154 294 380 123 14 0 0 0 825 172 0 0 680 68 0 0 0 0 0 541 1500 9 97 898 2485 887 423 375 197 147 13 0 0 0 0 0 0 62 182 75 0 21 48 0 56 8 0 0
0 0 0 0 0 0 0 0 0 0 0 0 0 0 0 0 0 0 0 0 0 0 0 0 0 0 0 0 0 0 0 0 0 0 0 0 0 0 0 0 0 0 812 84 140 23 0 24 60 85 81 78 111 142 599 1133 385 256 17 1 101 82 765 3232 8547 7585 4292 5546 1560 244 1145 0 1004 832 1200 3809 2188 5414 977 1651 3097 356 528 792 32 51 3250 1715 645 539 8242 720 691 1282 2032 1870 9084 1918 2944 1544 1111 2179 1630 1650 114 86 126 10 0 13 727 201 0 0 756 0 0 0 0 0 60 1383 0 16 259 306 347 0 0 2 149 409 0 0 0 0 0 0 0 11 213 37 31 46 97 172 53 7 0 0
0 0 0 0 0 0 0 0 0 0 0 0 0 0 0 0 0 0 0 0 0 0 0 0 0 0 0 0 0 0 0 0 0 0 0 0 0 0 0 0 0 0 1769 439 14 8 26 77 9 15 60 57 85 278 817 1519 72 1 24 100 178 2305 2077 232 916 557 548 6436 2027 133 298 1 111 918 2135 3593 4 774 3309 6713 42 158 511 3209 2205 3779 13799 9719 2800 873 8999 764 797 447 607 0 7205 6 545 1698 9504 694 1 459 448 11 6 48 0 353 509 0 29 322 451 0 0 0 0 0 980 294 14 10 10 210 675 0 0 0 0 239 129 0 1 0 0 12 77 0 128 24 126 77 237 0 5 6 11 7
0 0 0 0 0 0 0 0 0 0 0 0 0 0 0 0 0 0 0 0 0 0 0 0 0 0 0 0 0 0 0 0 0 0 0 0 0 0 0 0 0 7 1069 470 147 103 43 1 22 53 59 43 733 58 723 1850 288 0 123 937 4105 671 171 320 189 111 310 5672 2335 502 373 5 1157 24 12759 6063 2663 474 12 44110 3740 2731 2768 479 81 1509 2800 33 3669 85 9647 1064 333 324 492 262 8287 1455 1990 3776 1898 3049 1241 387 279 0 362 161 99 642 13 92 26 727 0 0 0 0 0 297 957 0 0 56 996 438 85 0 0 0 0 31 257 290 686 110 263 91 71 90 332 52 190 245 99 0 0 0 3 0
0 0 0 0 0 0 0 0 0 0 0 0 0 0 0 0 0 0 0 0 0 0 0 0 0 0 0 0 0 0 0 0 0 0 0 0 0 0 0 0 0 1122 3906 12 112 0 0 0 29 74 90 97 87 378 858 2543 2345 2363 3010 4161 2206 164 349 50 128 414 109 5495 70 762 668 164 576 410 11016 2197 50 1446 139 619 2304 4515 1 83 53 1053 2009 2 5096 4862 9302 298 381 212 40 28 272 20091 1495 2 613 1924 2331 1130 3339 3282 423 430 1083 1598 104 137 0 737 0 0 3 0 0 1083 1 0 0 80 452 198 81 6 0 0 73 0 114 60 69 11 6 0 16 0 164 0 223 330 0 0 0 0 0 2
0 0 0 0 0 0 0 0 0 0 0 0 0 0 0 0 0 0 0 0 0 0 0 0 0 0 0 0 0 0 0 0 0 0 0 0 0 0 0 0 36 360 362 1406 1293 1202 2562 543 1088 1693 702 967 702 1599 702 0 0 7 276 103 1221 212 919 370 411 302 644 5715 576 563 909 199 691 987 6887 599 185 25 1316 1256 214 8748 1435 93 562 1344 2195 0 1941 7654 4086 740 1 5 469 22 3873 9477 86 0 0 0 1413 3122 669 41 304 471 171 9 256 20 4 753 0 0 1 0 26 3172 0 1 41 13 368 16 6 42 0 0 20 0 614 12825 45 59 0 0 41 0 126 0 0 281 5 11 13 361 368 357
0 0 0 0 0 0 0 0 0 0 0 0 0 0 0 0 0 0 0 0 0 0 0 0 0 0 0 0 0 0 0 0 0 0 0 0 0 0 0 0 14 0 0 1 0 0 766 70 216 70 150 136 1 499 1179 0 0 24 300 734 393 47 206 80 12 1 2 6337 199 148 12 738 581 2649 3188 400 106 375 939 588 968 4979 463 1541 9505 3529 2706 1 3939 11028 687 3236 8 141 2387 16025 8005 21 138 0 0 0 0 152 2876 1780 15 190 222 91 109 94 45 732 0 0 0 1 1519 792 846 341 466 157 84 233 517 5 3 0 0 12 23 35 0 32 10 0 13 0 161 0 42 200 191 40 423 85 0 0
0 0 0 0 0 0 0 0 0 0 0 0 0 0 0 0 0 0 0 0 0 0 0 0 0 0 0 0 0 0 0 0 0 0 0 0 0 0 0 0 18 0 0 0 0 266 352 30 32 11 4 0 0 156 682 3 82 77 485 1354 20 0 9 8 0 0 697 5720 531 107 992 665 564 7707 207 773 304 207 3 9 3705 2631 220 1878 13735 7339 5138 7368 1805 8897 461 4958 562 6076 7512 538 1188 224 0 0 0 0 0 0 174 1409 3199 477 3 159 88 69 92 731 0 0 0 0 873 1181 5 52 480 270 667 666 4 437 12 0 0 7 18 0 0 11 20 7 76 21 203 581 91 26 183 579 37 12 0 0
0 0 0 0 0 0 0 0 0 0 0 0 0 0 0 0 0 0 0 0 0 0 0 0 0 0 0 0 0 0 0 0 0 0 0 0 0 0 0 0 126 0 0 0 0 572 24 24 26 27 0 6 77 174 751 379 488 301 651 1675 673 30 13 0 0 59 57 5728 147 363 878 1593 288 8567 242 1728 195 258 70 3 5793 174 29 747 494 815 6146 5777 17308 6206 3345 5448 1316 9533 977 1931 716 120 0 0 0 0 0 0 8 17 46 2583 2030 418 154 214 936 8 0 0 0 94 2643 285 0 54 1058 232 407 1402 752 190 88 53 0 18 0 0 0 4 67 86 154 167 372 54 612 1376 464 694 556 0 208 0
0 0 0 0 0 0 0 0 0 0 0 0 0 0 0 0 0 0 0 0 0 0 0 0 0 0 0 0 0 0 0 0 0 0 0 0 0 0 0 0 0 0 0 0 0 167 644 584 105 74 50 34 0 0 48 184 42 30 918 1189 2775 3458 0 0 0 37 67 5672 6 956 1024 465 3038 5387 1235 3638 524 399 193 360 6789 19 11 322 784 1192 5890 348 12395 658 1320 3210 0 9533 1142 2164 1376 1 0 0 0 0 0 0 0 78 0 0 1256 1576 536 1042 406 12 0 0 0 1654 1410 367 297 13 746 835 485 9 2231 831 103 342 0 20 0 0 0 0 131 46 25 0 45 45 4 3893 2306 2073 2297 1487 364 259
0 0 0 0 0 0 0 0 0 0 0 0 0 0 0 0 0 0 0 0 0 0 0 0 0 0 0 0 0 0 0 0 0 0 0 0 0 0 0 0 0 0 0 0 0 0 0 0 816 314 0 0 0 0 0 392 52 227 6 105 6271 5034 4 0 0 0 188 5823 101 920 1364 1046 10856 2196 1529 3504 2807 53 788 4436 18088 31184 22099 3167 120 1409 5553 299 13270 12568 2349 3282 5 12277 1065 3286 3505 1289 36 0 0 0 0 0 0 96 0 0 3 2364 1042 268 9 63 0 0 0 2022 57 1329 158 643 1 400 289 913 708 382 834 94 82 103 6 0 0 0 102 13 13 0 0 15 1545 541 1742 3078 822 1975 1867 660
0 0 0 0 0 0 0 0 0 0 0 0 0 0 0 0 0 0 0 0 0 0 0 0 0 0 0 0 0 0 0 0 0 0 0 0 0 0 0 0 0 0 0 0 0 0 0 0 0 810 91 1 0 0 0 525 137 0 99 335 2863 4463 1132 57 1011 324 3545 2998 1510 309 50 151 8923 287 124 5912 4788 10 2188 16275 2184 3876 7915 35172 34738 46247 18818 1337 8575 10 3262 12494 10173 35382 23257 5 8 19847 320 0 0 0 0 36 148 22 0 0 3 2239 1237 227 356 0 1 0 0 1830 205 38 290 63 950 732 184 1066 634 1134 708 236 252 178 15 0 0 0 98 32 0 0 0 19 1739 106 307 907 0 1205 692 70
0 0 0 0 0 0 0 0 0 0 0 0 0 0 0 0 0 0 0 0 0 0 0 0 0 0 0 0 0 0 0 0 0 0 0 0 0 0 0 0 0 0 0 0 0 0 0 0 0 0 499 635 647 123 1 28 326 176 149 236 249 65 4957 456 3121 2582 7448 831 2110 8 19 4142 2264 165 88 235 2290 1854 7347 14 0 0 3 11 10 313 26488 56670 1048 58 2 2 0 281 14995 194 1 17 0 4 2 0 1 3 6 6 5 2 1 2533 999 0 0 0 0 0 39 1933 243 428 459 1218 250 55 294 1003 309 188 681 411 200 10 0 0 0 53 16 0 0 0 0 1648 467 931 349 863 27 247 1388 1
0 0 0 0 0 0 0 0 0 0 0 0 0 0 0 0 0 0 0 0 0 0 0 0 0 0 0 0 0 0 0 0 0 0 0 0 0 0 0 0 0 0 0 0 2 0 0 0 0 0 0 0 1 556 687 672 4 71 74 105 161 1234 4292 8134 3409 4680 1892 6406 3008 4556 4431 1420 0 34 99 302 90 3251 3471 0 2 12 273 1119 425 302 41 38989 237 170 1 4 2 8843 4093 19 19 12 10107 24709 17347 10936 309 7 1 0 0 0 0 2848 481 0 0 0 0 0 1066 1908 23 94 1156 302 1166 549 253 1636 301 417 115 1089 1079 78 0 0 58 53 0 0 0 153 223 2173 208 280 1093 2421 1709 247 1806 3740
0 0 0 0 0 0 0 0 0 0 0 0 0 0 0 0 0 0 0 0 0 0 0 0 0 0 0 0 0 0 0 0 0 0 0 0 0 0 0 0 0 0 0 0 1 0 0 0 0 0 0 0 0 2 75 2591 354 104 0 868 2328 642 8940 2116 2330 6361 4446 38856 9009 2981 0 61 43 0 18 63 748 5360 1 0 624 72941 140344 240915 74247 25716 21852 136907 23039 190 10 3 3 13184 17 6 10044 20462 6472 65 76 7809 14523 14995 20 2 0 0 0 2884 454 0 0 0 1 1 3402 571 2373 4254 3739 4069 6407 3743 3227 3563 1700 891 551 840 2 252 163 158 119 10 1 102 378 322 2018 257 63 400 431 1065 1833 3316 169 161
0 0 0 0 0 0 0 0 0 0 0 0 0 0 0 0 0 0 0 0 0 0 0 0 0 0 0 0 0 0 0 0 0 0 0 0 0 0 0 0 0 0 0 0 0 0 0 0 0 0 0 0 0 0 0 10 2614 1857 1658 735 150 71 9404 4330 6679 1422 1068 15652 1349 44 29 85 49 4 30 4688 5816 14 15 16574 66637 13915 20883 174342 196569 3705 17444 1212 12429 22935 18989 17764 17086 34136 35156 15818 18929 2105 10516 2 0 0 77 3053 15268 12 0 0 0 2991 349 0 0 0 37 328 3564 3808 2112 10 70 408 21 1143 4993 46 135 1083 3969 1634 218 52 135 233 180 27 82 820 1591 1471 194 5 22 65 87 118 237 2825 156 57
0 0 0 0 0 0 0 0 0 0 0 0 0 0 0 0 0 0 0 0 0 0 0 0 0 0 0 0 0 0 0 0 0 0 0 0 0 0 0 0 0 0 0 0 0 0 0 0 0 0 0 0 0 0 0 0 0 3415 941 122 1202 1004 13573 4788 7854 3092 2763 11193 70 160 1534 4268 4746 4894 4944 681 2 5 15464 62293 6903 42698 30417 136262 94191 17743 10424 6691 92893 46678 75747 5172 4705 23822 1237 610 2818 6890 4165 1 0 0 3 0 6963 10531 14 7 7 3111 388 2 181 2330 69061 387 7891 1613 69 704 374 45 0 6 139 0 0 899 655 139 496 820 1008 847 1284 2396 2172 1843 369 383 294 0 0 134 15 202 2024 985 32 68
0 0 0 0 0 0 0 0 0 0 0 0 0 0 0 0 0 0 0 0 0 0 0 0 0 0 0 0 0 0 0 0 0 0 0 0 0 0 0 0 0 1 0 0 0 0 0 0 0 0 0 0 0 0 0 0 0 10 3092 844 447 1965 17450 15203 21590 9758 12541 385 3593 4012 2397 3 8 10 7 9 689 53284 67819 233 15728 30007 5280 3321 75443 75278 84153 76769 91528 19687 26759 125793 22461 17816 1561 2809 2722 6455 1064 0 0 0 29 25 0 12781 14642 13415 13342 17371 15737 2551 2704 20450 26878 21927 3066 39 243 229 158 214 2 5418 198 44 8 5 1865 684 319 291 548 1799 1461 619 2136 947 80 45 90 14 840 2354 1691 1894 958 1256 71 16
0 0 0 0 0 0 0 0 0 0 0 0 0 0 0 0 0 0 0 0 0 0 0 0 0 0 0 0 0 0 0 0 0 0 0 0 0 0 0 0 0 0 0 0 0 0 0 0 0 0 0 0 0 0 0 0 0 0 2077 3111 1872 9 17647 13386 20792 11774 2536 7806 1239 0 3 10399 38240 38912 48380 43375 56701 5784 1244 5 10926 97363 64108 7369 3292 99084 222751 5682 11887 166570 167442 72062 5206 1603 3095 3387 7192 3403 15 3 3 630 1598 308 0 1715 100 15 37193 45475 12844 16533 44766 8503 297 905 1717 1987 356 25 2077 2208 2883 2973 2594 1357 1670 1558 864 2085 823 1766 1107 5686 93 0 1499 3 794 730 348 1342 296 520 379 165 408 522 294 360
0 0 0 0 0 0 0 0 0 0 0 0 0 0 0 0 0 0 0 0 0 0 0 0 0 0 0 0 0 0 0 0 0 0 0 0 0 0 0 1 0 0 0 0 0 0 0 0 0 1 2 0 0 0 1 0 0 0 0 3 1003 1527 2334 19644 22199 7082 4625 24 0 8 51161 50466 12589 11009 9355 14674 17773 14533 21505 59124 13768 126915 131418 149777 202961 332779 688623 6516 2344 223796 7695 84123 95622 74563 36943 35816 42012 42700 30286 4192 175 3394 5375 1731 923 720 56 39238 20926 4016 45325 84770 9352 3506 265 572 98 6 2088 9 2141 2 1126 462 4 1 0 0 574 2207 2771 395 47 389 0 7 1408 0 0 0 765 392 0 161 23 105 0 307 427 2
0 0 0 0 0 0 0 0 0 0 0 0 0 0 0 0 0 0 0 0 0 0 0 0 0 0 0 0 0 0 0 0 0 0 0 0 0 0 0 0 0 0 1 6 1 0 1 8 13642 16721 13288 17 0 0 1 0 0 0 1 2 1 3 46 20717 1781 1227 0 2 49 62306 74143 28416 4774 6 9 2789 428 8823 1309 229462 87757 180051 3941 112271 90882 44316 262159 200862 105828 219401 45917 74556 111731 51121 13873 4287 15850 20256 18961 22508 42624 27529 21586 9459 3507 29120 73595 37979 648 4218 36686 29045 1033 1060 3144 5086 87 0 1087 2884 1275 86 303 146 0 0 0 215 102 1347 1111 77 0 381 0 1064 316 0 0 0 567 324 0 71 0 33 0 12 453 158
0 0 0 0 0 0 0 0 0 0 0 0 0 0 0 0 0 0 0 0 0 0 0 0 0 0 0 0 0 0 0 0 0 0 0 0 331 2806 2555 2243 2044 10071 21034 27450 22403 17756 20909 29999 5308 462 11060 18051 2435 41 323 16377 23622 1432 12 33 495 27675 8252 19346 18 60 180 23145 50246 59294 12525 886 192 2227 251 2352 75619 355447 217613 312317 21848 147777 133159 134474 100622 147787 447415 241766 520972 62785 27067 100507 71516 161361 56015 94775 13804 4804 1729 269 3285 181 1781 59334 35961 153093 7317 6572 11 7360 28196 2321 4 0 2 5631 972 127 1 15 0 310 1 0 4 495 100 80 0 277 217 497 60 1104 352 2413 283 0 0 92 79 173 173 0 0 0 0 126 1562 35
0 0 0 0 0 0 0 0 0 0 0 0 0 0 0 0 0 0 0 0 0 0 0 0 0 0 0 0 0 0 0 0 0 0 0 0 4024 1544 16437 17991 19816 13591 1534 2631 15501 3063 5125 7222 6690 15554 7484 6017 35011 68229 24591 4119 7876 39431 37116 28876 24195 9721 20208 45333 30647 35648 28179 7440 2086 3272 28119 789 4842 2922 14314 299487 92150 28642 21934 63630 85703 5253 30252 57143 102213 142450 198021 24363 165584 146681 75724 18990 7619 69735 105530 72892 251923 25781 2976 1687 1767 1074 4428 7208 24965 238072 488694 33915 8 6804 3406 25735 17 2 0 505 4422 393 27 333 318 684 46 0 14 0 0 0 0 303 148 123 125 430 506 2907 777 0 0 8 42 91 283 0 0 0 345 602 829 23
0 0 0 0 0 0 0 0 0 0 0 0 0 0 0 0 0 0 0 0 0 0 0 0 0 0 0 0 0 0 0 0 0 0 0 10043 35598 47214 18042 5451 1477 773 2692 3635 2764 6152 3453 8104 7914 3668 5173 3661 8090 3618 4013 1436 11108 86 2886 1467 5578 19582 12440 34946 15880 6181 3694 1441 1089 193 3091 27337 5858 9095 9260 144672 5155 34476 97121 14087 4390 5639 4429 15311 53818 20335 192795 79107 4002 169415 86351 100857 48436 22579 34905 67778 37292 39100 25897 6003 1935 1195 31093 44059 86127 21885 856 18550 2 749 6898 25015 2611 2 0 201 511 3533 173 10 122 284 0 74 1 0 0 0 29 319 310 3 0 0 131 2062 478 3 0 0 0 0 213 0 690 451 154 366 336 31
0 0 0 0 0 0 0 0 0 0 0 0 0 0 0 0 0 0 0 0 0 0 0 0 0 0 0 0 0 0 0 0 0 0 2057 27610 2793 5585 3344 4736 4351 988 3055 10075 22226 25693 64879 38576 28035 37130 34168 15692 930 1103 3005 7512 16749 15737 24828 2139 17237 33 16223 7683 2144 14842 18638 10596 6388 696 786 23023 30882 11905 132278 25505 3086 56004 77835 7911 715 7410 2115 18225 5454 39535 127848 209911 31502 209959 37526 49173 25328 53966 49569 12937 50568 1135 33388 127029 185975 46397 13489 144 4 4921 103 18578 7261 1034 303 25403 2774 4135 1520 1 1119 1339 2818 29 48 268 23 35 434 0 0 0 41 96 239 7 37 0 162 1923 20 487 0 0 0 0 350 364 317 103 159 24 242 31
0 0 0 0 0 0 0 0 0 0 0 0 0 0 0 0 0 0 0 0 0 0 0 0 0 0 0 0 0 0 0 0 0 1 13591 19932 4640 4240 2635 1126 8925 10565 39512 14489 3704 2183 7782 49 70 9556 41551 74253 17490 3590 8030 1823 22193 597 75342 4453 17982 26401 35773 30795 16800 14270 10385 19752 30856 42774 3070 20921 118060 24984 192768 14419 5630 8325 61748 2199 9368 19020 303 19652 11297 15651 42501 281571 6448 63883 33176 24870 4166 22161 24821 12476 10526 26025 313 18249 29201 6761 2226 327 4 2462 5272 1 58617 2317 17944 11379 402 1344 10076 3357 2146 2045 2231 10548 4749 2154 2507 677 73 138 208 12 1 37 38 0 0 26 1069 1062 14 953 460 321 443 494 1241 411 0 23 2 40 108 66
0 0 0 0 0 0 0 0 0 0 0 0 0 0 0 0 0 0 0 0 0 0 0 0 0 0 0 0 0 0 0 0 0 2417 43588 15982 4792 6739 697 1699 20433 20636 2167 2330 5377 3789 12789 10085 3587 7518 2541 9504 100242 48448 57988 36134 28697 19498 23589 2079 13303 17246 311 43 979 88763 131281 87067 92533 218186 155110 222636 176914 146652 461575 16248 18100 20063 112040 5532 16102 15646 8048 5555 17402 16963 17333 133812 5388 49158 61684 9173 13006 16775 1298 13183 2593 49180 759 18649 887 23718 1767 169 593 1451 2022 0 21679 15288 16167 624 354 872 2771 5049 81 5 141 10073 8310 2001 1321 2644 587 22 0 197 8 0 7 20 0 0 2226 107 55 397 12 0 12 125 924 174 42 6 8 38 94 189
0 0 0 0 0 0 0 0 0 0 0 0 0 0 0 0 0 0 0 0 0 0 0 0 0 0 0 0 0 0 0 0 2 25883 5412 9940 21926 40993 177 34590 22596 1980 3848 4186 4210 5 9683 3440 13256 14478 9652 17040 69068 9984 10557 133997 53575 36423 7484 12218 23738 731 73956 63933 70383 47058 299 1065 1740 18168 22376 27642 16013 689 64550 2101 821 1723 45273 106 15228 175 16 158 104746 113239 55716 300557 102854 106258 132069 62621 17668 42174 10760 48493 7492 35040 38689 5183 296 19216 3133 730 4801 64 1182 6 16509 22036 390 25 67 527 5 1906 3213 3 2502 8384 9317 3009 219 3 3726 557 0 0 120 73 0 17 6 2271 391 171 148 219 21 0 0 180 232 0 4 5 4 0 6 64
0 0 0 0 0 0 0 0 0 0 0 0 0 0 0 0 0 0 0 0 0 0 0 0 0 0 0 0 0 0 0 1 13655 16450 3686 15480 20971 87938 45981 17023 5419 804 1732 4551 5125 8880 12448 2399 2901 15085 4787 16884 11004 8692 3884 15243 219802 225560 73550 73685 70951 91593 73307 1463 1141 29803 3 318 129 473 33139 135566 18913 12767 111013 2629 1822 507 54686 1314 14636 23522 32535 34899 145569 56213 492 118946 7494 3862 1406 99796 85891 16490 2193 13942 4134 1966 106286 5219 985 11980 10659 3805 171 1624 194 4 30745 6585 821 1056 2073 433 210 3649 3468 3 0 4359 1819 848 951 43 1762 3002 1240 27 37 23 817 1901 2034 133 1 1107 56 187 0 0 0 192 326 0 0 6 0 0 1 130
0 0 0 0 0 0 0 0 0 0 0 0 0 0 0 0 0 0 0 0 0 0 0 0 0 0 0 0 0 0 0 48 34286 11896 15861 8211 5361 4693 37119 32103 6557 3535 11066 5176 4073 21155 1966 2612 6997 7184 3 4572 14637 12923 1211 7775 695 36259 31262 21773 1714 3924 13864 563 1482 22331 2240 1209 12 11 173 52999 24185 79206 26658 37286 37616 42395 146565 50509 94054 39324 25165 33475 106487 48824 8612 103633 6811 7980 8132 33652 16549 85408 1739 12188 424 453 82015 27005 835 29643 20969 7529 6994 6849 11519 9765 33201 2844 3610 2063 3699 578 2826 4063 3294 1934 2606 3876 0 27 46 950 2033 252 3851 1301 1942 1890 1118 55 0 0 20 146 123 181 137 46 62 184 614 0 0 0 0 0 4 55
0 0 0 0 0 0 0 0 0 0 0 0 0 0 0 0 0 0 0 0 0 0 0 0 0 0 0 0 0 0 5 23874 32161 29178 7715 11423 7368 2470 1437 1922 14769 16628 8216 12504 9575 16857 2443 1881 6424 212 0 2 6985 8487 12354 3187 266 23656 2415 44119 1067 4008 31835 2211 1791 380 25685 8 216 50 29041 13905 164594 69719 14655 23632 11555 59076 76120 45739 37706 43351 969 383 20850 37861 3227 89243 2406 3208 2921 24545 277 34164 1736 12658 1884 10014 5444 85277 4998 33875 22876 1879 1210 1193 5881 757 34912 6979 22585 22600 2067 1298 6428 3520 4585 4172 1829 1 54 13 0 0 1807 2138 2784 2346 2 1 1 0 0 0 500 25 0 0 2 34 279 4 259 0 0 0 0 0 0 56
0 0 0 0 0 0 0 0 0 0 0 0 0 0 0 0 0 0 0 0 0 0 0 0 0 0 0 0 0 1 5224 29372 15535 13914 8386 1269 516 1 0 3594 2490 5016 15742 30754 17222 2313 1403 3933 7053 0 0 0 181 3847 34366 7585 17108 13078 24405 66132 12450 13794 23104 5460 1051 1599 41076 5516 3448 18977 13484 159215 81152 304825 72699 111149 38734 29816 27343 7900 168 3296 15 596 3223 34528 25633 183468 43594 11945 28 32211 861 54586 6969 12045 15062 6367 5881 44967 6655 3220 2200 12102 8244 6411 10956 142 29409 7 2946 14691 1911 2266 2314 3202 3973 4177 3009 90 661 85 0 0 2164 3452 415 1885 31 54 0 1 0 3 380 0 0 0 0 52 72 8 236 0 0 2 73 0 33 96
0 0 0 0 0 0 0 0 0 0 0 0 0 0 0 0 0 0 0 0 0 0 0 0 0 0 0 0 0 43 22340 11978 8512 5889 4482 207 0 25 57 2837 3188 2072 1479 2530 49999 27140 4612 3394 1984 0 0 0 1943 8301 8606 7913 13765 11682 35747 13205 24793 2474 1966 27423 6547 7654 43553 94559 50246 64703 58002 188038 119419 141020 14181 7656 40707 24063 1352 8636 2 2690 48 192 619 23990 3351 32652 65033 10783 7339 52175 3729 27063 17536 53404 48775 3923 1872 7011 58362 4525 1813 7 0 3 3042 17552 53774 4261 4955 14989 3384 2718 3544 1082 5455 3178 4930 4118 2063 2086 2333 2690 3521 1806 129 272 2185 665 0 0 0 0 351 0 0 0 16 91 8 4 229 0 0 56 60 119 552 0
0 0 0 0 0 0 0 0 0 0 0 0 0 0 0 0 0 0 0 0 0 0 0 0 0 0 0 0 0 13171 35247 12494 2638 1234 895 2896 3247 49 1377 0 28 238 2233 21886 1586 6068 20721 22240 17084 1 56 2858 3031 7312 799 1973 18350 50318 15375 4092 20637 13408 35607 215388 114672 129216 86224 77492 1161 9921 5564 44106 47283 1403 21469 90769 38020 7880 6567 9948 57 3892 1551 157 2412 35886 3311 29300 68112 1067 25381 42242 14667 58617 134885 25675 46676 18335 32535 8806 43771 3879 2927 604 0 13 2011 2782 35016 24402 33989 19238 12057 6885 1319 117 8084 13094 9967 5034 1133 828 78 8 7 1030 5 27 760 2436 1479 130 0 0 175 0 46 0 151 3 0 68 242 0 18 70 1 227 147 9
0 0 0 0 0 0 0 0 0 0 0 0 0 0 0 0 0 0 0 0 0 0 0 0 0 0 0 1 14 9852 5318 14796 5637 1191 396 132 2777 4155 4791 155 396 897 4583 9334 3780 1943 2072 3568 36217 35159 4516 1944 7051 3551 1885 10404 23767 35645 60122 79244 131639 140789 142378 72416 4315 12866 6262 1988 3668 12119 24076 4874 94942 11989 2070 38818 25491 37561 112866 1307 2125 3680 7908 16 1729 13693 43213 154582 38277 64344 55940 175767 24888 1703 33573 172 13810 20631 25029 51859 44813 64887 3832 2856 667 288 7300 13036 20231 25923 13 10388 8729 23217 7660 9720 939 4082 13961 2865 1738 1387 121 31 902 91 6 68 1 1577 20 1774 1170 1395 1327 3 61 54 52 0 0 10 231 0 0 32 3 139 1191 2292
0 0 0 0 0 0 0 0 0 0 0 0 0 0 0 0 0 0 0 0 0 0 0 0 0 0 1 0 4028 5919 7246 1295 1828 4621 3133 1237 227 546 2866 11358 8130 6586 28728 7484 14839 2879 2207 1678 3496 7858 59897 60619 303 26293 77222 150125 148529 50642 36756 6217 7626 6239 5832 72235 27247 58235 7955 2532 1852 28623 24263 15246 24721 37659 2907 27321 4466 3840 52014 17004 1477 1928 12434 1783 16453 70525 138223 130834 35764 63729 9889 175297 106537 19840 78065 34823 49989 12890 1258 6980 9583 79915 1224 1123 1762 4207 7495 18 548 39185 222 358 9902 9863 2555 8057 9305 5879 8328 3853 2334 619 0 825 403 0 0 0 3 2658 557 281 62 780 992 652 911 643 282 0 0 187 110 0 0 412 2237 2260 1904 0
0 0 0 0 0 0 0 0 0 0 0 0 0 0 0 0 0 0 0 0 0 0 0 0 0 0 0 0 9248 2917 3696 584 155 0 2528 5795 5455 5183 5138 2417 9 137 10992 10250 6802 15033 3577 7401 7354 22328 51667 145529 129035 38050 5846 18180 54520 5682 3565 11963 26349 11031 362 1765 34344 14553 32806 26854 6164 97438 23589 8038 3164 44836 3539 34803 3847 9695 89724 29508 43872 56091 60932 81287 43966 34615 130487 93876 104111 101324 58855 20968 82066 1587 537 13045 11816 4043 3004 6867 28128 62332 81345 962 2815 8867 22687 1420 5629 31341 219 32 3722 264 18619 5377 880 7781 6997 2339 7061 711 2735 167 0 0 0 0 38 1176 593 302 139 575 332 418 536 76 347 3 0 251 16 1 1315 1528 3 4 8 7
0 0 0 0 0 0 0 0 0 0 0 0 0 0 0 0 0 0 0 0 0 0 0 0 0 0 0 2000 8848 4957 1794 0 2 0 213 5210 4982 7 1737 3384 2462 10012 3101 7534 27127 69116 102417 21202 15921 3308 2595 16214 1 0 2337 10835 14391 36494 11406 2942 1679 11284 132 2584 5188 28640 22389 24994 83359 35397 6200 18180 32222 149754 27521 150121 23157 15842 51578 70915 21423 22698 47677 27744 37005 7523 50830 3163 25585 27003 37890 950 2754 58602 3349 16102 11234 4261 2554 5104 2804 23687 79325 46547 29078 19074 22556 73631 31350 48972 5384 81 2005 7387 2999 2705 10578 2027 8488 23 3835 1658 234 0 0 0 0 0 382 309 157 453 470 246 274 47 763 8 517 254 292 1120 2828 1778 521 1 0 0 13 92
0 0 0 0 0 0 0 0 0 0 0 0 0 0 0 0 0 0 0 0 0 0 0 0 0 0 0 21632 4923 2705 0 0 0 232 1541 1765 1998 803 1062 16178 21488 26083 12610 10404 5587 2074 29870 1485 1995 1918 2434 16679 1839 12 1559 10664 15898 35641 40123 17243 1060 18804 13664 32911 55900 62497 126127 44569 2420 55374 73086 4371 7843 125388 33342 96152 30393 22397 25093 37181 7737 4380 8529 3644 3384 2730 65619 8077 41587 11450 107115 1971 2091 26146 53511 22565 6903 2491 1256 3624 10154 9332 33896 129298 7650 16 7278 8703 55211 37396 16339 16774 318 10186 230 1360 1538 17980 5333 229 3003 1474 323 0 0 38 14 0 602 16 10 53 251 356 0 79 627 81 991 1734 2624 5101 115 155 49 1 23 20 38 48
0 0 0 0 0 0 0 0 0 0 0 0 0 0 0 0 0 0 0 0 0 0 0 0 0 0 25 10511 1347 3152 101 1 393 1319 3867 5409 7937 7843 12586 30222 10184 2302 133 212 1007 1232 2052 9666 1852 16192 17423 1485 1681 2499 6652 4252 27899 6123 24674 58448 63002 43548 30042 37526 47996 117 396 1010 747 7404 13875 39439 28864 11192 16628 38861 4263 3390 3571 23059 5467 5505 5779 2692 1532 7581 34853 3633 22322 6372 134608 15146 22610 10700 9013 85511 116016 8519 5735 3872 2093 5612 3163 68495 19281 5241 1966 1238 50206 7598 8949 16321 32137 10111 3692 1631 9773 12592 356 90 3269 1877 1 0 0 180 16 441 940 18 16 353 3 64 152 104 914 2488 4241 1401 447 660 4 1 90 333 25 0 0 4
0 0 0 0 0 0 0 0 0 0 0 0 0 0 0 0 0 0 0 0 0 0 0 0 0 0 11996 4281 11310 326 3187 7746 7172 9506 25559 5109 44 0 17 7718 1484 741 1415 1456 2315 869 3276 24709 30656 1555 5023 1083 3410 7771 17235 29230 83191 32325 26607 5379 11759 45678 43939 61209 16979 9445 903 774 1242 9455 2886 3316 4386 16501 104633 71360 1618 79 3956 20839 1542 2325 2691 3843 32076 33380 31742 9283 6986 33548 58864 12 6957 16112 6619 2531 42511 45326 29890 16458 11249 5044 3711 28123 38459 18852 34509 39011 17274 6028 2745 6830 7028 9976 10009 1381 4152 7637 18606 13050 9867 13386 1863 86 3116 3695 2998 850 847 137 192 556 89 11 306 5893 4632 1406 150 4 0 443 0 10 94 78 11 0 0 16
0 0 0 0 0 0 0 0 0 0 0 0 0 0 0 0 0 0 0 0 0 0 0 0 0 5633 24653 9709 15385 16294 6212 403 1 1 0 0 0 0 0 3361 5992 964 1501 926 2 3 1533 4243 9457 3700 1422 6142 8922 12272 3551 4115 56156 1855 6467 1498 1455 37211 80243 36831 6428 5391 1785 3159 17559 6763 3952 3010 8167 23419 68662 111642 22394 20626 12598 39894 7843 11463 16811 15019 21778 31060 27494 9506 5236 11055 35123 1162 12502 8787 8723 8294 21719 12124 10092 43152 36786 1767 2351 4880 91805 23488 6746 1061 1988 950 3970 1443 1153 5658 7187 622 614 3293 16452 12108 9449 1001 13460 13708 3661 0 2321 4959 10 78 11 162 500 606 3376 2273 651 82 7 2 182 405 1 130 466 258 52 7 222 237
0 0 0 0 0 0 0 0 0 0 0 0 0 0 0 0 0 0 0 0 0 0 0 0 0 13410 26313 21 17 1 0 0 0 0 0 0 0 0 0 2481 2445 6422 1391 5 111 42 0 5874 3232 12338 805 548 2629 1924 1488 1264 14392 15075 9228 11115 26281 63316 22322 54620 9540 5133 16748 7901 151 2799 3815 17809 5473 5596 7747 76705 8621 7952 676 11777 199 1501 3164 2325 4059 20474 1814 17660 758 9512 38523 2984 5440 3214 4889 2735 8343 7905 401 9660 10977 40561 29503 66596 83809 7003 7554 8272 6405 5147 4486 432 410 56 2048 8699 1722 12088 6081 114 2078 2707 3041 130 6588 17197 2568 3037 5145 3433 2900 2895 4696 2383 484 664 2764 910 1317 1091 924 414 212 53 1 49 487 229 0 2
0 0 0 0 0 0 0 0 0 0 0 0 0 0 0 0 0 0 0 0 0 0 0 0 0 3 4861 9710 0 0 0 0 0 0 0 0 0 0 0 1317 2979 3337 9077 2448 2312 2304 4014 3378 6938 18764 5624 0 2593 9622 10939 12812 12810 3883 4459 34166 54746 11148 23 2117 54387 10787 25074 11173 5553 5843 15676 7847 12307 18254 27531 36585 15103 32266 9289 3836 9424 9291 0 1030 605 21053 9487 2983 20395 2771 62019 2883 10942 3823 5169 4679 6200 44647 9642 11650 4011 33991 69355 39183 44867 38187 1027 6233 4094 1075 446 1190 301 7 0 1586 9443 5788 10826 3339 1992 2243 954 308 17 8731 3409 139 262 450 488 2489 1976 1121 955 755 1243 1 3 78 0 149 0 0 0 56 33 0 0 12
0 0 0 0 0 0 0 0 0 0 0 0 0 0 0 0 0 0 0 0 0 0 0 0 0 0 1 12420 0 0 0 0 0 309 63 0 0 0 0 10631 5015 1065 1213 13218 7357 2153 7110 5177 3633 2033 39404 23187 5945 6222 2962 2969 7911 13942 15540 39041 11071 22324 16205 441 322 59110 25978 2169 1039 2442 4886 3233 28154 6805 26558 4862 3833 12461 6278 11068 3228 7729 3300 1760 5914 10047 3543 7892 10031 13235 49704 61099 11077 6335 887 694 2457 16476 4236 1494 45433 32165 1525 36196 4804 63803 3670 4343 4429 3483 435 1938 133 9 4 3880 2 1024 13838 6730 433 843 282 203 38 2438 1703 429 51 0 32 199 1543 208 657 292 870 2 0 97 16 141 0 0 0 79 0 0 0 11
0 0 0 0 0 0 0 0 0 0 0 0 0 0 0 0 0 0 0 0 0 0 0 0 0 0 10196 17145 0 0 0 1057 5781 12930 8756 4864 431 0 3631 5178 3925 1967 1672 2786 9549 5633 3783 3392 4505 8803 13056 17284 4247 627 2578 4125 1765 10219 41292 4580 5781 22 6150 1 5885 2959 27696 51342 46756 30130 464 10 12241 5250 14807 1489 2149 9231 6 9568 11880 10570 7286 9305 16481 32401 11050 2122 4479 2044 45895 102967 46737 44732 42721 43971 59204 46450 36672 57979 20557 443 4895 7081 44616 16215 7212 1390 1674 385 167 2002 37 91 0 1787 48 0 0 1761 11521 1123 2 2 110 1361 3193 5020 84 55 25 1914 195 82 9 366 5098 150 12 134 85 152 254 223 420 90 37 0 0 136
0 0 0 0 0 0 0 0 0 0 0 0 0 0 0 0 0 0 0 0 0 0 0 0 0 4 21443 1 39 6 178 14185 33159 157 300 2808 10289 14050 5009 12 0 220 798 3175 3174 6060 4905 1951 7539 3288 428 13378 10951 585 6447 1033 7642 43896 3230 4652 84 3921 2463 3342 5738 4502 3566 3819 4189 24255 42335 42349 43295 17797 15980 304 6992 14708 1965 2851 94 498 3070 1011 5113 117881 23766 5306 2742 34973 33488 54646 2738 187 63 1319 21074 9828 25716 8573 1563 7279 2910 4964 36444 1488 18256 2604 1835 2053 2 751 609 66 89 1358 1250 0 0 62 11220 2527 1374 34 707 588 1447 1397 3539 80 2344 568 190 190 835 3899 990 1 215 93 739 418 3 98 298 376 193 136 140 210
0 0 0 0 0 0 0 0 0 0 0 0 0 0 0 0 0 0 0 0 0 0 0 0 0 12126 33201 8312 14550 11282 13789 3199 7722 0 0 3 730 16398 6318 6673 0 0 1177 2970 2429 2050 6139 2277 16597 1625 2086 3273 56414 2840 2421 5075 47526 4533 4573 8 3138 2752 6836 6412 5966 7022 5822 1712 6958 6900 0 1 207 25759 58028 44602 41854 50083 47507 52015 27691 11281 6246 7 24869 8793 3774 7991 55381 45030 170111 56156 33772 24865 9015 15002 4643 1302 610 12562 1190 5173 8546 13278 5761 20079 22599 635 1922 1926 2502 1022 1367 596 145 1980 10 21 17 4272 17264 6905 1101 654 228 662 793 145 527 10112 5936 2650 2760 3291 2459 272 8482 481 85 485 96 0 0 0 36 142 1 0 0 111
0 0 0 0 0 0 0 0 0 0 0 0 0 0 0 0 0 0 0 0 0 0 0 0 0 15724 6205 1821 258 1049 3067 3843 4419 0 0 19 1402 553 8447 7861 242 444 386 4531 3409 1433 8612 6088 937 1463 2372 2040 8754 12283 4614 50766 6392 16873 57 2953 2753 4814 1181 2846 713 1514 3120 1691 8326 0 2 2 2 11309 4432 1986 6599 16462 6906 6604 23470 42438 50592 54295 87761 52694 52354 62191 15959 3620 35819 220 5042 361 37161 64775 3773 599 32 11684 1303 986 4765 3368 3429 27354 34826 49939 7119 3690 2645 1976 1837 2976 1300 1364 2633 133 197 722 12981 7642 3486 1055 507 1378 732 487 1859 3228 1257 725 1043 32 110 382 281 4624 180 305 144 0 0 0 204 0 42 0 0 15
0 0 0 0 0 0 0 0 0 0 0 0 0 0 0 0 0 0 0 0 0 0 0 0 806 11904 741 775 435 6 912 315 3328 0 0 159 1361 311 266 13697 3601 1719 7047 4563 521 1054 4071 18937 799 435 459 3473 1569 19334 65444 13808 10124 557 5549 3847 5533 2020 736 1237 1153 1882 1481 2563 4554 2852 1498 2213 1186 45141 3165 2386 2865 17879 2206 11632 6771 6046 8937 9843 48175 2726 3564 12737 42963 19409 1899 140 2999 173 19652 41080 582 137 394 8653 2963 2124 2116 2065 4292 32477 9199 30573 2807 553 1 1 2 920 38 0 106 268 0 128 5856 14901 2061 285 1091 609 84 2034 3755 1030 927 151 241 508 794 103 659 2795 2524 5057 184 1 0 0 0 0 19 0 0 0
0 0 0 0 0 0 0 0 0 0 0 0 0 0 0 0 0 0 0 0 0 0 0 225 2522 24122 3186 2736 1443 25 1125 611 2909 0 0 238 434 214 410 3801 15258 27934 1006 2255 3412 5071 7079 12303 2453 1418 4659 1502 4913 57178 21434 17983 150 1989 5424 2692 10046 1095 681 1384 10 138 1182 993 1 1777 1781 1775 2362 23049 9564 8211 5187 14420 2459 10119 301 225 1553 2919 29730 10319 6626 747 25226 739 1014 1931 10110 7188 25634 21657 96 202 389 345 10663 1300 3158 4916 11337 8064 31105 12449 2081 466 970 0 0 23 877 0 33 1321 278 1 4369 5710 2500 891 1587 241 1004 5002 2054 187 247 615 307 0 189 295 194 188 4948 1724 248 36 0 0 0 0 22 0 0 0
0 0 0 0 0 0 0 0 0 0 0 0 0 0 0 4 355 40 0 0 0 0 0 3075 2801 8879 718 1619 3708 4900 5219 14108 6794 470 1625 781 1465 4 342 440 1556 7116 10319 2944 1214 25529 23158 18861 18972 21973 35903 36391 92882 25081 15887 100 2085 5206 3164 2774 7497 2857 1340 1139 0 0 0 423 435 258 1066 3803 12375 1200 4606 13876 10887 17225 5682 3263 1342 285 442 2859 41000 4972 7492 29354 32279 18964 1603 7663 6 1524 7 58379 15137 8008 6537 7235 16147 9477 8153 8730 12492 3482 14101 4990 14677 43 330 1263 56 194 2437 702 1026 3023 72 3495 5420 1 987 881 8371 5184 11457 3415 193 37 0 257 187 166 188 246 277 138 590 3266 1582 171 0 0 0 0 87 26 17 23
0 0 0 0 0 0 0 0 0 0 0 0 0 9 19 1 34 292 121 0 0 0 472 427 6721 23977 2923 2405 1945 554 1289 5921 136 7 1846 11 1614 112 0 342 2250 3812 10046 1408 1661 18083 13125 323 911 4057 1273 47669 72643 18077 7674 13209 17479 10690 4072 4282 3931 4527 2013 375 449 357 0 1 3134 1368 1800 2238 18875 4430 2728 1422 7019 13473 859 1061 5368 2726 4223 5208 25496 1857 2273 11647 223 10023 18290 5 2 13 613 77620 4221 480 373 346 9858 24 7 201 2063 6092 3136 14042 17960 1710 5339 8718 2197 1663 1904 873 2137 1028 4723 4313 83 26 500 3060 1538 1985 1172 1364 690 108 51 160 586 2568 597 106 105 161 448 54 80 1192 980 0 105 103 0 15 0 0
0 0 0 0 0 0 0 0 0 0 0 0 0 0 0 0 0 0 46 116 28 0 1983 772 2704 14683 1430 617 655 1036 2168 11213 3101 3730 3206 1861 6581 1840 2079 1307 463 653 2039 9208 9194 5421 599 710 2509 4623 30769 10888 1481 5439 49222 11638 996 2295 7446 9513 1197 1102 0 0 490 1745 274 0 3528 13688 14441 38261 72048 12722 6919 7965 36749 12784 906 1310 1348 240 143 25 15916 3227 1879 11503 81 2 19147 10 27737 60955 17823 1930 40921 21 925 581 10648 1734 2734 19805 10820 6195 5216 10897 21349 4023 1716 13 0 144 1008 2242 1693 8619 10922 204 10 69 2253 4 35 0 876 399 814 1077 636 1344 263 935 417 78 153 45 119 13 108 117 471 1289 82 0 72 23 4 0
0 0 0 0 0 0 0 0 0 0 0 0 0 0 0 0 0 0 0 0 81 953 3928 8686 17160 23402 8235 8428 6807 6430 9605 18760 7738 834 388 40 801 597 3017 224 1126 1498 3844 993 102 3018 5147 6186 5109 25143 24737 14 13954 7861 12890 19967 19757 954 1490 10211 1934 5 23 11 0 713 1480 5846 11694 814 1276 14560 2165 11591 10853 15766 17694 21827 7334 53 491 394 0 0 7833 2260 734 7457 35 79 8640 93498 41102 2752 695 539 38156 107 101 205 16377 11502 11296 15243 2608 9799 9770 17025 55678 38670 9221 8057 2133 1672 11770 9885 17655 8153 4561 8356 74 10 2579 24 1 0 297 420 0 689 54 980 307 1 0 52 42 64 4 75 26 0 0 439 1057 1 151 81 628 62
0 0 0 0 0 0 0 0 0 0 0 0 0 0 0 0 0 0 0 0 1 218 6764 10940 6458 550 771 444 778 508 4548 4427 2919 4588 2494 43 663 1045 967 1363 1176 640 234 3386 8434 10426 4669 13 19506 23396 4673 1078 56029 21717 2102 7594 18910 23289 1216 6126 223 27 2 1407 627 171 9636 6591 584 624 325 9883 4744 95 923 1502 649 10548 14663 17654 1588 697 0 0 9246 1585 1337 9885 1260 3225 3761 8694 5611 4863 24313 1268 37464 28444 7366 15418 18008 1467 5086 1344 2200 1766 7223 35160 81672 3807 149 1981 6903 7981 2026 768 176 126 18 4912 7910 12294 6325 3520 2259 1769 668 708 0 548 1433 974 0 14 0 0 0 70 174 56 31 80 0 7 885 1931 923 528 234 168
0 0 0 0 0 0 0 0 0 0 0 0 0 0 0 0 0 0 0 3 2 2808 5502 2967 2170 1735 1358 2331 1903 2207 3577 277 173 2 3428 1687 2059 480 251 563 1533 1456 2184 1687 315 585 91 16680 15710 4577 427 1882 5359 25318 1158 5239 1 3575 17232 9350 2 0 0 1 2193 12078 2108 3 469 629 1900 4434 486 1553 842 418 1397 9740 1097 127 11795 7225 2155 1868 21221 1140 594 10292 7098 200 2537 30437 828 21735 77809 73445 130113 116254 15739 111 11307 92 2792 2138 2470 740 1311 294 25042 7481 2746 218 0 214 275 354 0 23 1 401 1024 284 1 1209 27 1675 2732 920 469 568 0 178 425 202 151 1 0 2 49 53 33 50 0 587 1060 245 0 386 791 972
0 0 0 0 0 0 0 0 0 0 0 0 0 0 0 0 0 0 0 22 5122 5886 6512 1386 322 639 1341 497 1256 2718 261 1606 2718 1007 635 4586 679 32 159 117 41 1649 909 59 231 6 17131 16601 301 65 62 1 551 13187 3350 1799 1470 4570 1843 15836 8875 351 7 5819 8020 738 1 98 699 991 10530 132 744 2807 297 252 540 10296 2 0 1049 6537 12235 18264 75695 26772 1802 9036 1417 17 2665 1964 26739 51613 78836 41839 9159 10678 20 190 11132 1852 9153 241 637 684 1716 1015 17250 3947 3525 374 371 387 1 143 64 253 282 121 0 1 870 197 0 0 3249 5320 1662 348 0 253 173 0 4 170 0 0 43 44 1 7 132 675 126 213 0 0 81 44
0 0 0 0 0 0 0 0 0 0 0 0 0 0 1 12 0 0 0 725 4816 5265 1613 1501 224 667 49 817 330 1835 3696 5139 705 1 3107 3754 3711 173 135 315 325 627 100 0 0 15141 14989 2954 272 86 530 57 0 3333 1 0 0 1440 2213 22 1772 9999 19636 6712 340 410 391 189 8 1185 5495 2324 532 557 433 525 6610 5450 15 931 1475 1676 364 449 11701 3256 17894 50466 12083 12014 16693 31112 37587 5146 5308 4707 3862 8274 98 4096 7541 6536 1293 1839 493 1743 985 459 9696 8137 3371 1611 1591 1379 516 436 266 1 0 0 0 522 908 0 1 0 45 2749 5713 24 372 881 0 0 0 87 155 141 45 14 60 76 656 46 390 70 0 0 80 44
0 0 0 0 0 0 0 0 0 0 0 0 0 0 8 34 61 0 5 3086 6575 3026 977 336 1104 226 534 53 380 1098 51 870 7591 1188 2485 149 3323 2060 86 262 226 578 989 309 12959 15872 9678 1354 77 5 219 269 183 4540 66 0 0 40 2506 303 295 1044 1689 1449 0 851 529 670 890 1423 3947 101 38 88 305 99 13232 903 1150 39 219 827 73 157 6232 18 2 882 3071 1744 2018 1774 10997 1964 1260 2 4200 12615 757 14594 4094 801 0 3292 959 390 638 431 5324 19481 2521 4366 1103 473 465 1607 0 0 0 0 0 1151 0 0 0 0 156 600 7072 2684 18 233 302 0 0 4 21 11 212 194 199 1281 159 205 292 22 0 102 125 8
0 0 0 0 0 0 0 0 0 0 0 0 256 0 2 145 155 72 0 180 6006 3865 2543 1220 284 1306 848 251 711 98 31 1194 1803 2925 3226 272 16 4750 1103 75 244 102 63 10259 16834 878 1797 1931 4488 1449 779 944 3906 2938 1454 794 467 2792 1167 757 34 662 167 2489 57 12 1583 670 361 419 4217 0 28 93 778 7513 10167 0 41 0 0 154 110 622 5602 2685 1111 58 0 0 0 253 3787 757 136 0 5299 17247 30 13966 1407 846 1663 768 2195 902 2062 1105 2099 11813 6012 548 2726 348 328 1854 0 0 0 0 879 1325 311 0 0 12 163 1943 456 1391 721 5 647 833 1 1 140 0 146 47 87 1281 143 138 41 44 37 49 131 24
0 0 0 0 0 0 0 0 0 0 0 0 84 663 650 3059 2428 4180 217 0 41 7405 3566 6107 113 82 215 417 675 216 433 129 228 990 182 649 617 32 3688 4628 6190 1869 6676 20910 1695 2079 277 158 3460 162 182 336 7061 1499 984 611 1329 1851 276 702 1031 92 774 2472 1540 851 571 232 759 3583 1250 682 120 400 2042 10853 1007 0 0 0 0 0 243 467 477 4195 268 0 0 0 0 576 1934 5 2 2004 9858 24367 3080 11903 1804 238 786 336 1692 6 8 1415 901 351 10098 680 1108 1592 624 30 0 0 0 11 1024 4 208 532 1094 395 453 1518 61 374 553 1517 1374 952 156 0 43 49 2 0 44 570 222 352 69 5 35 101 89 26
0 0 0 0 0 0 0 0 0 0 0 0 0 58 3030 2135 114 430 3192 682 4 571 7329 3519 1786 1672 1947 2355 3329 1680 149 57 58 21 212 397 866 415 327 117 1518 16170 9752 10007 436 34 146 694 1689 171 257 259 2845 939 2175 2540 384 2713 617 637 2044 295 1738 713 762 318 705 728 1280 6267 615 1006 31 440 7115 6807 925 0 0 0 0 0 0 324 61 3910 31 0 0 0 0 1655 833 99 833 3425 1131 10140 1071 11337 556 167 838 442 2498 299 187 2186 797 1240 11301 129 1049 419 644 358 14 0 0 2983 25 0 354 76 497 1827 53 1034 130 11 709 143 162 557 719 883 189 0 0 0 33 2472 1724 353 0 55 31 0 61 25
0 0 0 0 0 0 0 0 0 0 0 0 0 1477 744 213 450 456 188 2900 1465 1667 1 0 0 1 2 42 48 462 2622 759 259 267 173 140 6016 7301 7306 7646 12804 8210 13314 270 389 191 92 2297 3687 518 67 194 862 255 1536 2804 660 483 1 0 66 1272 1153 1755 2934 667 2035 809 376 6038 1021 240 144 480 11369 7257 182 0 0 0 0 0 39 237 80 3385 0 0 0 0 2 1160 719 1666 1637 1550 3701 2368 618 12217 72 1705 2030 1997 4457 1413 1296 1693 2341 1980 10263 834 1044 879 224 789 501 330 14 47 21 0 22 720 1615 824 465 1147 505 0 220 107 29 351 4 109 569 680 641 790 812 739 2 180 151 366 62 0 0 0
0 0 0 0 0 0 0 0 0 0 0 0 0 1826 790 1117 911 1198 1491 245 5110 6254 200 0 0 0 0 0 20 19 721 3826 42 115 4762 8177 3142 1512 592 1056 1074 5718 14285 916 215 198 1968 1662 1024 259 450 399 1480 625 1472 284 186 637 0 0 1 179 20 2055 7127 706 2184 3666 1690 11232 1772 664 335 6757 2250 254 2009 2082 47 0 0 0 19 539 1673 6164 2221 1360 270 130 5659 3519 1019 187 0 19 1344 1365 310 12837 1217 2114 112 423 479 587 500 438 757 542 18626 2136 1367 458 218 39 0 111 499 914 335 241 480 404 138 321 696 1191 657 0 83 38 0 59 0 56 23 0 37 27 18 658 223 47 116 39 83 0 0 0
0 0 0 0 0 0 0 0 0 0 0 0 470 1360 295 274 303 390 654 1515 5663 81 4814 1547 0 0 0 1 2 62 16 2249 1073 5171 5751 162 83 1198 0 84 0 923 2257 10390 1145 15 874 452 265 1951 943 588 1320 2043 3140 1140 26 525 0 0 0 2 217 327 1339 776 710 115 38 3434 523 1963 3571 9620 1626 1751 2323 3802 1904 1194 1466 766 1017 2222 127 2196 4011 512 3245 2668 1720 215 27 131 0 26 652 157 11 1602 15933 1072 734 93 11 277 901 222 1549 209 14282 3113 1396 2510 530 0 0 302 1032 79 162 0 3 230 0 556 802 4 124 4 0 74 58 1 0 0 144 0 46 22 123 753 262 145 83 21 19 19 0 0
0 0 0 0 0 0 0 0 0 0 0 0 3136 762 255 156 366 224 201 672 2999 0 345 2152 2100 7 2 73 1 2 13 49 3716 7417 2053 247 15 71 122 70 312 1083 347 10307 992 707 2326 582 1055 681 855 1000 1450 1653 22 8 0 464 318 0 0 225 156 165 658 940 1225 946 4388 1457 1894 609 338 7387 0 12 34 9 198 663 1086 551 317 920 890 171 7572 283 2256 266 1288 1 0 3 0 95 394 266 8 858 4787 9396 447 372 65 225 200 341 131 756 8752 981 1900 613 405 590 113 1287 630 320 0 0 0 0 0 68 637 0 0 12 0 0 20 69 18 0 10 42 92 17 675 47 86 1 31 162 51 94 16 0
0 0 0 0 0 0 0 0 0 0 0 998 1655 171 71 407 337 464 1218 4032 90 216 345 22 911 3022 39 3 10 7 0 542 7267 22 2 410 77 4 0 5 286 21 268 9397 29 9 510 113 270 154 292 1326 630 33 1 0 0 198 454 195 0 148 8 37 597 270 24 219 6330 2450 46 458 3936 3756 0 20 0 0 2 79 372 2616 2269 363 1433 2927 14997 3766 2521 808 1291 231 9 0 0 19 108 119 79 108 387 13151 23 342 226 0 136 295 218 350 1123 9556 1353 961 1182 771 941 228 1034 1102 18 797 898 0 0 396 0 0 259 11 0 0 3 27 11 62 13 2 31 97 534 18 3 67 24 81 2 0 22 54
0 0 0 0 0 0 0 0 0 0 0 2043 655 73 101 157 47 330 360 1086 366 36 65 921 1481 2125 5072 1258 11 72 40 7422 129 0 0 31 293 41 85 143 39 43 341 7084 2633 35 380 1228 130 0 341 357 1 0 0 0 0 188 86 459 100 257 36 89 912 504 357 1353 2946 345 183 241 7151 788 0 0 0 0 0 0 1020 304 446 131 674 6 4550 3 1543 2915 615 1352 108 57 8 17 0 70 97 357 0 8210 7055 1 484 382 121 0 417 412 1322 5494 9600 1739 2136 2696 922 1171 1010 1670 653 403 525 156 93 914 0 0 0 0 0 0 0 0 0 0 0 0 0 10 536 0 0 0 110 0 5 0 0 0
0 0 0 0 0 0 0 0 0 0 1685 1729 213 49 441 78 171 602 386 940 285 146 398 1225 2176 2901 43 3409 1539 0 6001 1888 0 0 0 15 182 238 72 93 19 26 182 576 10259 182 208 593 183 136 124 86 0 0 0 0 18 109 38 129 315 159 295 154 462 163 278 481 1471 181 80 152 1838 6218 0 0 0 0 0 176 316 496 610 461 1350 64 3007 429 64 23 1373 7067 2935 1627 141 120 13 87 169 530 36 16 11590 5394 1774 99 184 28 274 589 421 814 11512 2379 113 357 203 124 88 441 243 0 0 3 3 329 0 0 0 0 0 0 0 0 0 0 0 0 0 52 207 475 26 24 248 8 8 0 0 0
0 0 0 0 0 0 0 0 0 0 1582 45 19 130 64 222 520 130 1305 925 3 237 0 1120 2280 310 718 19 3655 6993 4197 5 11 31 85 32 45 302 203 10 100 46 46 427 4291 8608 286 296 1 206 297 59 0 0 0 1 2 0 0 0 274 235 324 424 811 396 117 390 1746 184 8 126 396 7768 0 0 0 0 0 158 697 383 157 256 409 696 5952 507 9 0 182 259 476 95 1219 6 68 2 4 451 497 772 231 10270 3673 267 508 43 241 471 316 894 351 6781 266 858 370 0 0 0 170 110 6 0 4 330 1 279 0 2 0 0 0 0 0 0 0 0 0 200 310 506 17 26 0 0 2 0 0 0
0 0 0 0 0 0 0 0 0 1428 592 112 6 39 61 289 401 9 407 787 9 948 0 532 185 63 19 15 1311 8790 2566 1 4 35 38 35 31 126 186 275 123 138 157 0 88 3651 9021 306 0 5 144 185 2 0 0 3 0 0 0 0 4 287 50 368 734 190 472 35 964 173 53 12 159 8623 0 0 0 0 0 103 3877 40 252 91 141 173 2236 326 23 41 334 166 52 39 968 5 7 3882 8503 8825 9102 10203 249 3767 7477 3303 509 274 4736 3 7 33 282 7498 67 205 4 30 0 0 0 12 43 28 0 223 468 130 0 0 1 0 0 0 4 0 0 0 21 0 0 70 355 2 12 232 1 0 0 0
0 0 0 0 0 0 0 0 31 3358 593 244 102 287 194 471 183 424 31 869 244 128 0 2832 677 192 16 181 4379 4497 1010 26 0 0 0 0 6 110 246 107 0 51 61 0 183 214 2480 10303 78 6 41 114 121 15 1 0 0 0 0 0 0 408 10 217 302 241 473 16 910 97 0 22 134 8047 367 10 0 0 0 173 0 12 18 1 15 189 1935 523 805 705 649 221 1 15 1015 7563 8448 4528 14 357 4 3576 10848 9300 21131 9110 4023 3309 2895 66 44 256 94 5411 1541 2651 2742 562 12 26 12 3 0 60 0 371 231 1 0 0 0 0 0 0 3 0 0 24 8 0 10 74 485 0 0 0 8 0 0 0
0 0 0 0 0 0 0 0 1417 840 508 415 188 86 193 639 243 274 301 947 312 33 1 929 1060 193 101 4242 232 0 19 1 0 0 0 0 0 28 183 346 7 49 69 50 171 104 56 1345 11151 357 289 105 183 0 0 0 0 0 0 0 171 516 144 482 689 40 184 236 1534 142 24 0 0 7466 707 237 0 0 144 103 0 4 0 0 56 24 1263 287 698 214 392 3340 7865 8140 8036 2873 3 0 479 86 0 4 6 29 5132 29316 374 1226 3969 3698 3385 2740 152 728 4661 434 338 2635 3284 1588 2 12 11 49 38 525 2 0 27 0 0 0 0 41 3 4 223 89 0 0 0 0 329 0 0 0 5 23 0 0
0 0 0 0 0 0 0 0 1261 879 498 277 0 169 570 2 76 80 161 611 556 50 279 449 0 1115 3343 1543 1 0 0 3 1 0 0 3 17 1 5 413 3 66 97 562 94 91 214 28 780 11208 960 138 193 210 742 9 2 0 0 0 400 5 47 358 89 500 765 526 1203 324 38 5 2534 7709 10 612 392 1730 395 6 0 12 0 0 52 921 378 394 2733 7665 7778 4499 394 236 10 1554 46 0 330 137 22 49 2 1 65 1190 1831 150 222 8 417 245 108 535 5876 54 133 21 21 2965 3677 3602 315 0 55 638 41 25 242 0 3063 2775 1 7 16 132 22 60 0 0 0 0 353 0 0 0 4 0 0 0
0 0 0 0 0 0 0 0 552 293 779 666 1274 887 1458 703 670 766 1110 1621 2008 45 585 16 32 1101 3854 45 23 0 0 0 8 0 0 0 0 0 3 47 18 174 38 120 71 96 200 182 94 362 10675 4302 1 205 587 9194 2177 389 262 121 392 94 403 337 1877 143 182 107 257 673 79 239 617 7542 1325 1381 43 280 74 0 0 13 7 1369 7354 8636 7038 7095 6077 399 305 72 160 33 11 51 1382 1502 276 393 91 140 189 101 102 31 1228 116 311 316 3 94 467 747 442 4875 126 0 129 280 193 3478 3406 2889 917 2685 3606 3561 3706 4244 2489 4139 1319 2622 1270 1085 980 941 907 883 857 837 1166 824 269 0 0 1 0 0
0 0 0 0 0 0 9 121 761 391 12 0 0 0 0 0 0 0 430 516 942 1600 5050 567 495 2168 3370 303 61 0 0 0 5 0 0 0 0 0 17 89 4 14 57 28 102 88 0 14 46 74 7 5854 9494 10845 11995 6307 15339 17 268 523 894 1555 1818 146 263 302 66 0 132 1747 453 114 499 6943 1233 497 8 638 0 0 2 4151 7654 6280 855 470 0 0 507 0 76 45 37 0 0 0 9 1668 3152 1142 254 3 26 6 211 244 323 970 56 82 0 76 263 347 416 2168 4806 268 3 25 2 0 11 449 2473 1249 568 244 66 85 79 3226 2223 1 0 0 68 266 19 31 100 144 265 12 603 813 866 765 10 0
0 0 0 0 0 117 431 632 12 121 0 0 0 0 0 0 0 0 56 223 112 302 6479 120 581 1108 10 3060 205 134 0 0 0 0 0 0 0 0 0 0 2 15 66 0 43 149 3 7 19 42 54 0 114 141 639 11964 15568 11302 10307 2248 25 255 1296 319 293 263 64 0 1 1100 114 237 390 5441 2473 2244 2143 2602 2431 2622 7883 3639 378 383 1658 0 1 0 265 0 0 0 17 0 0 26 1 725 191 0 583 139 0 23 215 76 37 999 113 0 0 0 133 202 176 297 2522 6020 754 4 0 0 506 671 640 344 2694 322 0 7 0 59 2147 4142 87 62 100 197 13 107 57 617 0 0 0 0 0 97 851 883
0 0 0 0 0 3 362 199 699 123 0 0 0 0 0 0 0 0 43 653 313 226 1333 2770 3056 421 372 4754 193 195 0 0 0 0 0 0 0 0 0 0 0 0 9 104 29 0 20 17 23 73 33 0 162 245 455 23908 9 2 21 7860 9650 9722 3789 691 325 444 11 1 0 524 30 6 119 5538 2 15 300 1045 11209 10181 3461 1156 1106 3257 201 0 0 0 468 0 0 16 29 0 0 82 130 842 0 0 573 10 21 1 13 120 0 573 496 0 0 0 7 160 353 244 665 6742 5622 364 522 728 746 16 683 929 134 540 1 1152 1797 1219 137 425 4981 1596 77 81 267 17 3 365 0 0 0 0 0 31 12 7
0 0 0 0 0 55 553 0 28 0 0 0 0 0 0 0 0 0 12 320 36 413 310 307 2190 1678 4336 2193 1 182 0 0 0 0 0 0 0 1 0 0 0 0 34 189 0 0 0 0 0 55 10 93 182 87 11000 8309 22 2 24 177 105 134 6877 10145 9591 1486 155 3 0 738 2 1 48 5974 6 109 8617 9639 223 2239 1519 401 1 1668 10 0 0 0 231 0 0 12 0 0 26 767 3 707 0 17 220 729 17 533 669 863 315 112 1012 0 0 0 0 34 151 105 137 619 689 4387 288 86 874 361 661 2227 936 1204 2082 3072 319 1235 1841 1564 2607 10983 1277 1268 892 2 89 406 0 0 0 0 0 16 0 0
0 0 0 0 0 499 177 0 0 0 0 0 0 0 0 0 0 0 94 193 76 75 55 148 1623 893 770 356 90 201 15 0 0 0 0 0 0 8 3 1 0 7 45 47 20 0 3 0 17 140 110 0 13 0 17820 53 20 3 102 340 143 103 280 430 484 9382 10355 6281 469 743 9 19 257 6244 7149 10462 1906 220 1295 731 1 0 0 1473 386 4 1 0 217 0 6 215 105 87 64 1 65 732 0 11 1 148 491 278 48 126 7 1076 938 106 0 0 0 0 31 507 922 378 226 292 8066 216 1172 2538 1038 1364 0 4 90 1251 321 5106 514 538 234 2211 490 70 391 2042 2964 1409 592 221 1 0 23 126 44 767
0 0 0 0 0 754 0 0 0 0 0 0 0 0 0 0 0 0 21 0 244 38 5 74 1515 1732 422 327 326 1 175 0 0 2 1 0 1 0 0 0 40 27 0 14 20 13 19 77 727 31 5 1 24 47 15633 1412 2 28 16 80 7 98 16 0 0 879 6056 4089 9930 10116 9016 9262 9446 15391 5230 8 64 179 1073 123 5 0 8 348 1350 763 10 2 291 105 153 0 0 0 1 0 114 766 31 7 4 0 0 162 41 26 46 122 1399 297 0 176 0 0 0 500 101 29 19 89 10127 1432 161 568 5 33 119 84 28 876 52 1439 239 748 252 64 1667 0 0 0 622 6 5 400 660 583 599 910 838 3
0 0 0 0 0 934 592 0 0 0 0 0 0 0 0 0 0 0 28 68 198 5 9 25 1496 3655 4837 82 303 170 73 93 4 8 7 10 0 0 0 17 15 0 3 3 26 151 190 224 57 2 3 40 0 1 6688 9616 0 157 101 28 0 128 0 0 0 0 173 0 0 1508 18 16 31 5606 2379 2140 618 525 325 114 213 76 17 13 1816 146 380 487 340 561 139 0 11 0 52 70 71 330 342 7 11 0 0 58 21 18 6 52 347 1089 506 196 0 0 206 69 1 123 175 595 2661 365 2 202 703 293 125 27 3 4047 0 285 660 84 170 790 685 0 0 0 817 198 0 0 19 18 103 38 0 1
0 0 0 0 0 118 274 0 0 0 0 0 0 0 0 0 0 0 49 193 199 0 0 28 1610 1225 8000 0 103 194 27 250 75 2 18 12 4 0 20 33 0 0 0 0 71 65 38 126 3 5 1 9 7 2 14971 1383 91 27 12 0 0 210 13 0 0 2 183 0 48 3807 988 2 298 5460 1051 2313 155 87 0 0 0 245 18 161 1318 79 0 613 85 218 297 170 40 0 1 50 18 22 550 0 43 1 3 43 1 7 0 208 11 1060 207 573 73 368 825 492 324 624 487 343 1381 807 418 0 2176 468 442 626 41 1062 92 183 83 134 413 1085 636 11 127 387 643 0 0 11 17 26 4 0 12 15
0 0 0 0 0 1 224 0 0 0 0 0 0 0 0 0 0 6 28 87 155 1 36 61 1597 999 2227 8 48 188 308 0 202 281 237 164 51 46 31 0 0 0 0 101 340 24 40 9 0 0 0 54 31 19 16734 13 76 7 3 0 0 141 0 0 0 0 302 85 119 605 1418 27 683 6170 3499 654 682 2 0 0 0 0 243 2 759 30 98 223 15 26 19 248 11 1 62 7 0 12 682 0 7 4 0 12 1 12 55 28 0 80 984 191 373 546 443 149 4 489 229 70 186 1200 713 733 1128 282 61 98 0 1089 443 28 300 117 110 1677 101 329 150 783 260 198 90 73 0 31 8 24 17 9
0 0 0 0 0 0 222 0 0 0 0 0 0 0 0 0 0 34 9 25 100 61 20 57 1601 508 85 171 276 289 252 0 0 0 27 208 37 0 55 7 0 0 0 44 54 0 52 0 0 0 1 0 0 21 16619 10 65 0 5 39 39 46 49 0 4 24 271 87 41 1158 56 1289 1273 5423 887 23 422 0 0 0 0 0 282 95 1261 15 2 80 39 104 56 430 187 166 173 57 0 3 598 183 0 0 1 1 28 331 21 0 0 0 511 593 313 288 60 70 200 396 236 282 98 711 374 51 273 997 359 756 753 1289 1536 296 141 43 0 2898 569 134 9 494 96 266 0 45 115 85 43 89 31 7
0 0 0 0 0 0 192 0 0 0 0 0 0 0 0 0 40 2 0 53 4 455 7 2 1509 1 0 0 28 5 168 0 0 25 6 1 243 18 25 11 0 0 0 59 9 41 137 0 0 6 4 0 1 7725 8879 2 99 11 23 0 0 116 4 0 16 15 160 120 812 991 33 25 1 4131 2012 1 354 0 0 0 5 67 328 16 1364 487 38 23 0 183 15 95 0 0 0 223 136 51 0 660 6 1 18 141 3 53 0 0 0 0 0 954 199 106 53 14 245 270 164 459 234 0 1042 43 64 14 563 582 37 314 491 85 335 352 72 2568 1086 477 130 339 82 38 31 74 26 14 10 18 60 2
0 0 0 0 0 0 108 89 0 0 0 0 0 0 1 38 9 1 2 38 33 117 0 7 1644 0 0 0 14 0 150 0 49 8 2 167 223 11 0 0 0 0 0 5 107 4 3 12 11 3 0 0 0 16722 2 167 104 0 0 0 0 92 0 0 0 9 517 84 708 166 24 0 0 2245 3688 0 543 2 0 0 55 21 44 444 1300 177 566 248 30 78 0 7 74 7 10 3 0 196 137 941 182 131 47 37 50 84 0 0 0 192 134 20 1105 0 42 134 50 124 0 6 219 6 311 1459 220 13 332 171 533 465 490 194 318 309 2099 345 787 144 51 19 0 0 0 17 1 0 0 76 0 0
0 0 0 0 0 0 16 210 0 0 0 0 0 0 15 67 1 2 3 48 36 341 28 39 1649 0 0 0 17 5 297 154 206 114 30 7 201 88 0 0 0 0 0 2 27 15 4 0 0 0 0 0 256 17126 64 28 31 23 0 0 24 109 0 0 9 155 97 355 199 79 0 0 1 821 6815 0 910 355 0 0 0 4 0 19 870 7 95 207 106 1 0 0 29 233 205 0 0 9 104 1351 347 193 6 0 26 25 9 7 16 636 0 37 295 812 37 122 209 122 10 0 0 0 0 31 1053 1700 358 456 209 309 1020 255 396 621 1513 105 90 604 50 0 0 0 0 12 8 0 0 19 0 0
0 0 0 0 0 0 17 192 0 0 0 0 0 25 0 0 0 0 5 37 0 30 196 0 1701 0 0 0 28 0 45 0 0 219 81 12 264 44 25 51 108 379 7 16 4 0 2 0 0 0 0 24 14716 3797 45 4 0 15 8 22 102 0 54 0 35 130 116 611 61 39 125 17 0 580 5326 1 571 308 0 0 0 10 11 245 556 164 255 1 193 120 0 0 34 0 9 25 0 50 240 341 172 219 287 186 115 59 0 2 60 0 0 0 1 943 12 27 31 111 0 30 59 48 56 82 311 847 1395 317 200 99 337 381 0 1730 290 192 56 439 52 56 61 27 0 29 36 0 0 0 0 0
0 0 0 0 0 0 21 186 0 0 0 0 0 9 0 0 0 0 1 22 0 53 296 158 1661 0 0 0 89 702 73 0 43 40 33 104 184 26 36 5 2 0 3 0 0 5 1 2 0 0 28 5802 13367 1 0 0 0 0 17 126 0 35 219 102 81 35 59 864 0 18 25 156 0 401 4850 0 300 386 0 0 0 0 0 361 557 119 53 39 4 148 230 0 22 0 7 63 1 364 35 1 534 66 306 44 0 118 57 47 24 0 0 0 0 459 509 0 1 116 98 29 0 0 5 30 83 15 1217 256 392 275 169 1060 1268 1637 79 0 30 80 754 261 61 44 0 23 61 0 0 0 0 0
0 0 0 0 0 0 0 223 0 0 0 0 0 11 0 0 0 0 0 63 0 32 0 420 2471 127 169 427 291 1595 267 4 97 48 28 57 385 1153 0 0 0 1 1 0 0 0 0 0 0 126 338 18616 1 0 0 0 0 0 87 64 47 16 0 53 24 32 47 438 17 16 10 0 0 203 5096 26 1132 353 0 0 0 0 0 7 698 5 37 14 39 50 114 182 57 18 50 180 204 115 0 0 255 110 145 236 1 10 57 81 49 1 0 0 0 21 952 2 0 7 50 0 0 0 3 25 73 60 1005 561 224 303 25 1613 3351 303 206 120 77 0 698 29 271 9 10 0 0 0 0 0 0 0
0 0 0 0 0 0 0 324 0 0 0 0 0 13 0 0 0 0 39 89 526 29 410 616 2830 1126 126 84 15 13 2 5 2 168 47 107 70 557 0 0 0 0 0 0 0 0 1 51 26 16 17678 1275 0 0 0 0 0 32 68 0 0 0 0 77 13 3 453 51 26 19 0 0 0 124 6836 165 67 0 0 0 0 0 0 2 892 35 106 0 45 46 48 288 1436 210 460 48 223 0 0 0 3 404 29 72 293 50 23 0 1 49 0 52 0 0 872 0 0 96 53 0 0 0 0 0 78 78 11 509 76 144 112 661 1657 273 87 331 175 583 119 101 68 549 8 0 0 78 0 0 0 0
0 0 0 0 0 0 7 588 0 0 0 0 0 9 0 0 0 31 43 22 805 3732 775 450 2427 1125 52 1 9 6 20 0 10 106 62 91 107 140 120 0 0 0 0 0 16 32 48 1 1 11219 7629 0 0 0 0 0 38 119 0 0 0 0 0 90 53 25 485 190 30 0 0 0 0 61 5379 323 473 0 0 0 0 0 0 0 608 385 246 329 335 52 49 487 276 187 9 0 159 0 0 3 1 355 9 44 115 1 75 0 0 18 39 39 35 29 961 11 0 59 27 12 1 1 4 55 237 58 16 596 109 150 137 2014 133 72 71 56 26 1493 55 74 44 11 23 0 0 729 225 0 0 0
0 0 0 0 0 0 36 731 220 2 0 0 0 8 0 0 0 35 0 11 24 452 0 402 1721 1069 1258 513 8 4 100 0 52 217 17 65 7 14 56 880 13 15 38 27 12 0 4 22 4295 14778 1 0 0 0 0 67 84 0 0 0 0 0 0 0 14 292 210 43 2 29 14 0 0 13 5373 0 528 0 0 0 0 0 0 780 775 196 88 44 19 76 35 61 107 19 1 1 166 0 5 8 0 327 48 15 25 84 16 548 1 0 0 6 0 12 960 22 0 41 0 0 1 20 29 110 73 535 149 1204 353 265 169 914 223 166 41 58 328 703 111 127 61 127 20 12 294 233 219 0 0 0
0 0 0 0 0 0 268 102 66 2138 286 0 0 225 132 0 21 15 0 20 47 40 0 1187 9 23 550 1206 50 0 0 43 913 484 22 25 0 2 0 1045 160 28 1 0 0 0 0 189 19747 2 0 0 0 0 96 40 0 0 0 0 0 0 0 0 0 272 30 0 47 70 12 0 0 29 5540 1 463 0 6 2 2 10 4 1987 877 233 266 192 241 127 82 59 74 40 5 74 106 0 0 0 0 5 342 30 12 98 25 2 0 0 0 10 18 3 800 184 0 13 26 8 0 1 0 131 299 231 106 761 198 687 315 497 82 92 122 113 491 530 146 45 40 8 605 717 57 183 36 0 0 1
0 0 0 0 0 61 217 33 204 937 492 106 18 28 699 0 41 0 0 12 88 0 0 1161 0 0 135 423 1344 4 1283 115 68 103 4 18 0 2 0 60 35 6 0 0 0 1 2 17464 3030 0 0 0 0 91 30 0 0 0 0 0 0 0 0 43 67 329 0 25 13 69 0 0 0 220 5301 14 447 15 0 0 0 0 0 567 2 32 75 30 189 251 249 15 121 28 86 187 0 0 0 14 0 0 287 163 61 84 51 0 1 0 0 3 87 0 20 1175 1 0 0 63 18 0 7 187 1 0 0 489 1063 165 450 14 64 83 1 0 244 22 304 570 292 272 256 387 288 246 382 1 0 35
0 0 0 0 0 315 0 10 60 72 0 73 120 182 586 437 342 295 209 128 185 0 558 605 0 8 3 299 1333 1025 174 552 94 186 0 133 0 0 7 0 73 16 75 172 62 67 10498 10254 0 0 0 0 165 38 0 0 0 0 14 175 0 0 34 100 330 0 0 0 44 0 0 0 0 445 5118 88 476 492 4 0 0 0 91 995 56 64 98 301 122 40 34 116 164 78 157 57 1 0 0 2 0 0 61 119 0 0 255 1 1 2 3 0 66 0 0 753 367 56 0 110 4 4 102 0 0 0 2 10 299 235 66 78 66 32 10 283 43 0 10 1153 16 16 4 17 12 2 28 95 25 13
0 0 0 0 42 249 264 928 19 28 19 40 8 48 0 9 30 21 20 276 814 103 1293 0 11 1 1 32 967 1739 1438 142 21 77 0 44 0 0 0 0 0 1206 1507 1135 1163 3207 17161 136 0 0 0 209 52 0 0 0 0 0 0 128 5 36 86 41 200 0 0 0 63 59 11 0 15 1906 3836 16 45 111 468 153 0 0 27 1539 174 143 97 136 258 151 213 776 169 67 0 25 5 0 0 1 2 9 19 220 9 68 149 5 0 0 1 3 3 0 0 11 1038 61 44 5 0 1 103 0 0 0 0 11 66 433 523 4 79 231 258 269 315 134 130 0 0 0 0 0 0 0 0 485 114 37
0 0 0 0 232 183 48 127 68 20 15 6 23 102 98 44 78 116 315 62 255 426 920 118 167 69 31 191 130 36 722 456 129 47 52 52 0 0 0 0 0 2727 1467 144 52 19372 241 30 0 0 2 135 0 0 0 0 0 0 0 0 44 58 29 44 249 12 0 0 0 1116 1748 1486 1600 279 4104 10 147 95 418 550 342 594 2428 646 372 249 571 497 413 206 240 165 0 0 0 67 0 0 0 0 0 4 4 310 2 29 0 128 54 0 0 36 41 0 0 0 966 3 92 13 0 0 82 0 0 0 0 0 81 257 363 77 79 66 50 116 487 12 73 158 42 0 0 0 0 0 0 200 85 0
0 0 0 0 160 0 0 0 7 7 8 0 35 14 1 0 4 6 117 43 166 1316 19 15 0 3 55 256 39 282 51 1566 333 17 106 29 5 0 0 233 679 2844 394 199 14564 5750 448 400 320 0 129 12 0 0 0 0 0 0 0 0 2 14 0 239 146 0 0 40 2147 1143 1 0 8 1 4391 9 1220 3249 1420 1485 1177 1163 3280 2056 552 481 781 370 200 10 58 173 0 4 35 17 0 0 0 0 0 5 0 319 0 0 0 0 132 22 0 75 225 0 0 1 935 10 1 35 46 43 118 0 0 0 0 0 0 0 370 491 25 38 236 16 5 38 0 0 120 0 0 0 7 0 65 6 56 48
0 0 197 254 55 0 0 0 0 26 14 16 21 30 0 28 0 8 129 300 0 1308 80 21 0 1 21 121 320 57 94 37 1193 153 31 14 0 46 600 447 66 1932 64 10920 12145 43 27 81 139 562 99 0 0 0 1 0 0 0 0 0 7 5 0 243 58 0 0 3531 1397 101 32 149 123 757 3693 2184 969 1012 874 362 3359 1559 115 803 41 11 104 26 0 0 0 254 0 21 52 0 0 0 0 0 0 0 79 218 8 3 0 4 13 168 13 63 46 20 0 0 174 831 3 8 57 459 47 0 0 0 0 0 0 0 234 338 29 48 53 132 44 0 0 0 217 198 992 0 14 138 6 0 0 489
0 1 163 2 0 0 0 0 14 4 0 13 37 8 32 44 33 110 717 679 348 1249 464 38 102 25 149 0 26 2 30 59 150 619 56 15 404 615 85 0 0 1982 13868 12044 12 41 0 0 133 361 371 128 1 22 0 0 0 0 0 0 0 11 59 105 5 10 0 1938 0 68 34 21 33 70 2877 2 257 1731 373 811 694 841 8 947 167 89 130 0 96 35 106 122 1 0 66 11 0 0 0 0 0 0 0 164 17 128 211 183 317 323 206 53 69 35 0 0 1 1094 0 170 142 1 41 58 25 0 3 0 0 0 487 50 31 6 4 98 0 0 0 0 137 6189 441 4 75 2 3 0 0 7
0 0 205 4 0 0 0 0 1 0 0 16 0 5 36 45 70 0 229 1 35 1000 47 27 15 94 29 1 28 17 29 3 26 16 606 725 420 0 0 0 0 1830 20071 16 0 11 41 126 349 96 2 364 168 0 0 0 0 0 0 0 6 11 148 0 0 0 0 1676 0 98 0 0 23 42 2832 0 271 285 105 1299 318 218 110 419 579 161 97 142 60 32 34 9 218 24 140 9 21 0 2 31 48 0 0 8 413 268 51 5 3 250 633 177 259 167 6 0 0 558 639 121 2 0 0 6 57 24 4 7 0 54 356 13 160 15 27 45 23 13 0 0 0 124 103 99 0 0 4 0 0 0
0 0 144 34 0 0 0 0 0 0 3 9 0 1 35 2 0 30 148 0 180 1008 8 3 14 48 40 20 10 97 46 0 1 511 480 633 182 0 0 0 0 533 20950 0 120 21 5 35 205 0 0 1 381 50 142 0 0 0 0 0 8 86 62 0 0 0 0 1707 0 49 78 15 17 0 2764 67 113 506 1124 465 244 61 313 352 1020 540 259 94 29 29 12 0 0 0 21 228 0 7 0 1 8 0 0 103 1474 4 35 4 13 28 10 41 88 97 0 0 7 113 1087 58 24 1 1 18 0 133 135 57 49 11 230 0 2 22 112 162 159 44 0 0 0 77 994 25 0 13 44 105 66 0
0 101 117 13 1 0 0 0 0 0 32 7 19 22 18 0 0 152 1 0 453 689 11 18 12 18 0 0 0 10 287 589 615 223 0 0 402 246 0 0 0 10 22789 0 18 103 1 159 100 0 0 1 33 336 0 9 0 0 0 0 0 126 0 0 0 0 418 1764 0 0 174 55 0 24 3526 114 87 301 1279 133 247 135 118 1458 1832 369 237 211 269 89 0 0 0 0 0 58 46 0 0 19 0 0 108 242 153 39 2 4 0 0 18 22 0 105 175 49 275 0 41 1255 13 5 43 16 26 58 58 0 4 0 144 0 6 42 21 76 363 4 0 0 62 223 1 159 168 132 109 10 41 109
0 82 25 0 4 3 41 29 53 17 11 0 4 47 3 0 0 31 123 0 444 854 611 500 511 576 558 504 558 543 523 241 6 6 0 0 0 348 472 0 0 2 24729 166 3 19 54 347 6 33 144 103 79 392 0 9 0 0 0 0 0 120 0 0 0 0 2556 0 0 0 0 170 7 776 4194 458 896 432 757 37 280 1 195 180 1130 25 39 54 147 119 41 0 0 0 10 136 59 0 0 52 14 222 155 0 52 132 10 6 0 0 36 0 29 59 54 99 11 0 0 321 967 5 8 1 79 40 67 28 0 0 90 63 1 3 1 0 20 93 36 244 138 7 0 191 86 23 2 4 4 0
0 97 0 0 0 17 10 0 0 0 0 1 14 38 0 0 0 132 33 39 560 160 577 235 97 10 1 1 43 25 0 0 66 0 0 0 0 0 936 605 0 252 3597 23546 592 945 389 264 72 54 1 35 0 435 15 7 0 0 0 0 3 147 0 10 207 2262 181 3 25 119 139 241 499 1559 4506 4320 5493 4839 3290 384 532 44 0 0 808 99 65 92 72 0 22 120 22 12 0 91 52 62 3 9 286 153 0 0 177 0 0 21 8 19 0 0 17 240 30 0 0 0 0 0 812 460 1 1 23 10 31 5 13 0 0 118 136 147 214 202 189 497 568 861 6 3 111 134 49 0 4 4 11 1
0 130 0 0 1 8 0 0 0 0 0 0 3 23 0 0 0 176 0 17 612 12 0 0 0 0 0 0 0 14 22 21 7 0 0 0 0 0 0 367 1473 1460 358 24225 4 20 104 30 7 4 12 48 23 328 314 1 0 0 0 0 6 123 0 11 2500 836 0 3 49 24 13 169 215 294 1817 925 1595 696 3151 1940 526 133 252 235 644 1326 7 32 43 19 30 40 40 18 45 3 6 30 124 405 193 0 0 5 141 0 68 0 0 5 1 3 2 31 0 0 0 0 0 0 7 1155 0 94 35 0 0 0 0 0 0 19 16 171 0 0 0 61 78 83 677 452 74 10 26 136 41 31 8 6
72 72 1 0 7 0 0 0 0 0 0 0 0 0 0 0 0 52 164 0 532 13 0 0 0 0 0 0 17 0 0 10 0 0 0 0 0 0 0 0 2161 5004 23728 5151 7 384 43 0 2 43 1 3 126 212 98 93 36 0 0 19 88 125 0 626 8848 7 0 0 97 228 6 164 36 3 2801 1823 550 236 139 1105 242 1 0 136 37 31 38 130 105 19 6 0 8 222 52 0 3 267 759 33 55 0 0 50 317 136 156 11 0 1 7 6 0 16 2 0 0 0 0 0 1 641 607 3 13 0 0 0 0 0 0 0 1 119 0 0 0 0 68 0 1003 541 338 13 149 120 54 47 190 65
91 0 0 1 3 0 0 0 0 0 0 0 0 0 0 0 0 0 232 25 613 189 1 0 0 0 0 12 41 0 0 0 0 0 0 0 1 9 0 1 10278 5591 28302 707 17 0 108 6 21 0 0 1 57 297 0 0 59 37 126 126 124 0 221 4045 2103 3938 0 0 0 29 120 196 0 0 1485 948 1142 210 142 84 1012 1139 1037 690 1 16 39 59 17 15 24 0 13 13 62 57 543 283 0 193 139 60 53 57 119 6 0 11 10 13 23 34 25 31 29 2 0 0 0 0 0 206 1152 9 2 0 0 0 0 0 0 0 6 100 0 0 4 0 130 346 362 0 20 564 707 54 6 101 65 4
154 3 0 2 0 0 0 0 0 0 0 0 0 0 1 14 0 0 192 218 551 0 0 0 0 0 2 55 0 0 0 0 0 0 0 0 0 1 2 48 207238 21765 28615 1315 409 3 111 2 0 0 0 0 0 463 520 70 12 144 151 33 0 0 1226 24 473 93 0 0 10 140 7 118 276 176 2104 534 255 136 301 775 329 199 967 1023 982 1208 307 1144 380 253 352 241 136 1 87 934 48 2 0 0 34 74 0 0 76 0 0 0 12 28 4 15 0 4 5 0 5 1 1 0 0 266 607 668 4 0 0 0 0 0 0 88 55 5 0 1 14 12 396 483 0 12 26 443 214 319 60 29 22 88
5 16 11 18 12 9 0 0 0 0 0 0 0 0 1 25 0 108 68 5 562 27 46 8 0 0 62 339 0 0 0 0 0 0 0 0 3 1 3 85 186077 12835 30301 2057 2266 1162 1411 4 0 0 0 0 0 101 404 0 35 226 0 4 33 1087 95 1 1 0 11 0 202 582 229 254 132 152 887 1591 335 2210 194 254 69 163 150 200 96 973 316 305 96 0 17 62 60 172 171 335 2 59 300 345 356 335 318 316 726 336 290 112 17 0 65 0 0 0 0 0 0 0 3 2 3 117 555 485 864 0 0 0 0 0 0 0 82 0 0 5 6 433 341 148 0 0 46 1 38 18 648 289 0 0
0 0 0 0 1 21 12 0 0 0 0 0 0 0 0 215 15 313 91 108 592 5 7 25 29 0 0 0 0 0 0 0 0 0 0 0 0 0 0 1543 73668 56796 10784 1250 5 1616 1090 1871 1405 569 6 0 0 0 133 341 104 614 99 0 846 416 0 0 0 1 40 50 26 172 89 0 6 2 226 1263 494 539 907 327 153 68 151 391 93 1876 1189 1296 93 0 25 10 0 0 236 100 348 313 38 0 40 9 0 46 201 3 38 248 367 250 136 4 0 0 0 0 0 0 1 0 0 2 304 125 1336 17 4 7 1 0 0 1 59 1 350 471 515 148 0 96 44 116 32 0 4 5 2 150 213 38
1 0 0 0 0 0 11 0 0 0 0 0 0 0 4 2 0 111 6 18 415 139 0 0 315 137 0 0 0 0 0 0 0 0 0 0 0 0 0 2138 8163 7702 59 849 690 72 24 13 88 363 677 743 432 343 290 156 423 253 59 525 957 13 255 286 320 312 370 354 511 182 0 0 0 9 236 556 751 19 83 125 304 431 246 171 257 288 288 339 361 285 224 173 113 229 488 603 59 0 0 0 54 112 0 57 21 142 43 44 10 118 220 342 324 317 355 374 331 327 170 0 59 60 207 281 648 745 0 0 4 169 536 544 510 493 193 17 1 0 0 11 78 151 13 3 0 3 0 65 0 157
17 5 1 0 0 2 59 0 0 0 0 0 0 0 9 0 94 142 0 0 1 563 0 15 285 222 29 1 0 0 0 0 0 0 0 0 0 0 1 19371 1211 3923 2 423 1248 66 0 23 18 55 0 1 2 0 5 584 591 1125 404 1828 321 314 41 0 0 81 0 7 80 186 470 105 0 242 25 31 1031 330 400 193 1 32 0 13 26 23 0 27 154 4 88 108 205 87 3 109 1 30 90 64 103 241 79 22 5 71 7 26 8 51 0 0 0 0 0 0 0 57 284 403 373 355 625 521 591 993 586 584 532 332 17 73 3 0 0 11 0 0 0 116 37 18 0 0 0 0 0 0 0 0
2 0 7 8 3 0 6 12 0 0 0 0 0 0 7 0 0 114 0 0 0 538 0 0 6 26 15 27 6 0 0 0 0 0 0 0 0 0 37 2448 1783 3272 12 514 539 85 6 4 25 46 0 0 2 0 0 3 12 557 2020 273 5 0 1 0 2 78 0 6 57 0 43 234 360 672 553 273 585 669 248 73 75 45 0 0 0 14 23 65 380 0 7 0 38 16 0 205 80 75 0 31 17 15 2 11 9 90 0 51 39 0 0 0 0 0 0 0 0 0 0 0 0 1 389 59 55 559 362 1 4 0 0 24 55 2 0 12 0 0 0 1 0 45 0 0 11 0 0 0 0 0
9 0 0 0 6 9 4 8 0 0 0 0 0 0 10 0 0 191 0 0 0 505 0 0 29 5 0 6 0 0 0 0 0 0 0 0 0 3 2 65 1203 8 18 1259 66 17 1 8 71 11 4 2 0 0 0 0 0 3284 996 0 7 10 0 32 168 119 0 16 42 5 28 53 4 270 61 58 15 1289 88 8 58 68 7 5 39 12 0 13 732 116 161 47 15 167 126 12 0 0 0 40 0 1 8 4 3 70 8 30 7 1 0 0 0 0 0 0 0 0 0 0 0 0 479 45 16 7 5 0 24 1 5 9 130 0 17 19 0 0 0 8 0 9 29 11 0 0 0 0 0 0
1 5 0 0 0 21 45 34 52 0 0 0 0 0 8 24 9 130 0 0 0 484 0 7 14 0 0 2 9 0 0 0 0 0 0 0 0 24 0 1 0 0 51 133 220 50 4 7 69 2 4 2 0 0 0 0 167 4917 16 12 10 76 30 106 0 54 0 17 0 0 3 25 76 111 0 2 7 732 621 67 17 52 93 117 19 8 0 0 5 0 67 31 203 143 17 0 0 0 0 126 9 5 4 0 0 48 0 0 0 0 0 0 0 0 0 0 0 0 0 0 0 0 492 6 0 0 2 2 7 4 12 0 29 56 10 0 3 3 3 5 7 1 26 0 0 0 0 6 0 0
4 16 1 0 9 10 0 0 22 17 0 0 0 0 20 0 0 97 0 0 0 519 0 281 7 0 0 0 10 0 0 0 0 0 0 0 0 11 9 1 0 0 88 0 265 216 172 15 56 0 0 0 2 0 0 97 0 3953 14 16 28 33 903 39 15 65 1 16 0 0 0 77 646 36 16 41 5 0 974 22 43 35 3 5 2 6 0 0 4 6 2 15 9 100 133 0 29 42 0 73 0 0 2 0 0 39 68 0 0 8 0 0 0 0 0 0 0 0 0 0 0 225 1028 5 0 0 0 0 0 0 5 1 3 118 5 0 2 0 0 3 4 0 17 16 1 0 0 0 0 0
16 20 26 0 22 0 0 0 0 21 28 32 84 44 3 0 76 19 0 0 0 485 0 0 0 0 0 0 0 3 0 0 0 0 0 0 0 39 8 0 0 19 7 0 396 140 1072 125 62 27 0 0 2 0 100 210 236 3281 87 12 4 0 0 3 143 28 22 0 0 0 0 0 708 230 225 242 91 22 514 483 132 6 0 0 0 1 2 0 51 463 26 45 8 0 69 62 81 223 24 38 0 0 3 0 0 13 23 0 0 0 0 0 0 0 0 0 0 0 0 0 0 705 48 10 0 0 0 0 0 0 0 0 8 64 0 0 0 0 0 0 13 3 55 42 1 0 0 0 0 0
2 37 19 21 21 0 0 0 0 0 0 0 0 17 29 196 154 0 0 0 0 537 0 0 0 0 0 0 0 4 0 0 0 0 0 0 0 0 4 17 22 23 3 13 147 109 51 57 1 123 0 22 94 144 36 15 4 980 38 164 55 6 0 0 84 22 39 12 1 0 0 143 228 323 37 0 153 244 45 920 226 7 0 44 44 40 83 56 3 246 29 33 7 1 0 91 156 30 42 0 0 0 0 3 3 0 33 0 0 0 0 0 0 0 0 0 0 0 0 0 21 507 2 1 0 0 0 0 0 0 0 0 13 78 0 0 0 0 0 0 0 0 22 11 0 2 6 0 0 0
0 0 8 21 0 0 0 0 0 0 0 0 2 0 0 21 110 0 0 0 175 348 0 0 0 0 0 0 0 1 0 0 0 0 0 0 0 2 0 18 1 0 0 0 0 162 208 144 71 292 171 119 1 26 0 0 330 524 7 53 85 77 55 106 0 75 52 8 4 0 0 288 0 46 1 0 5 342 21 709 866 177 54 13 0 1 0 0 16 81 7 20 2 1 0 10 27 90 6 0 0 0 0 0 0 0 56 0 0 0 0 0 0 0 0 0 0 0 0 0 461 14 0 2 0 0 0 0 0 2 0 2 10 6 138 0 0 0 0 0 0 7 6 21 3 0 0 0 0 0
9 6 11 6 0 0 0 0 0 0 0 1 0 0 0 0 63 67 9 0 536 1 0 0 0 0 0 0 0 2 0 0 0 0 0 0 0 1 6 20 0 0 0 0 27 14 15 35 0 165 0 0 17 7 0 2 581 193 11 2 24 11 1 2 0 10 49 2 0 0 0 532 14 17 2 0 100 71 566 192 1001 110 0 0 0 0 0 0 24 82 21 0 7 4 2 0 6 7 42 0 0 0 0 0 2 5 15 15 0 0 0 0 0 0 0 0 0 0 0 0 437 0 0 4 0 0 3 2 2 2 0 164 8 1 49 0 0 0 0 0 0 7 0 22 19 5 2 0 0 0
