0 0 0 0 0 0 0 0 0 0 0 0 0 0 0 0 0 0 0 0 0 0 0 0 0 0 0 0 0 0 0 0 582 432 161 471 93 38 162 40 117 127 112 121 0 0 0 0 92 2734 6 34 1 318 0 209 296 0 0 0 8 9 748 1853 1126 52 27 1 1442 776 269 0 0 36 15 5 0 16 306 1099 763 0 0 0 0 28 45 81 38 0 0 0 0 0 2 0 0 0 0 0
0 0 0 0 0 0 0 0 0 0 0 0 0 0 0 0 0 0 0 0 0 0 0 0 0 0 0 2 0 0 0 60 374 84 49 60 403 41 47 58 124 5 34 136 0 8 0 13 2 2469 0 0 39 737 168 350 215 137 34 6 2 527 1126 667 187 318 0 41 950 1444 17 0 30 233 336 165 105 97 443 1179 975 0 59 106 178 424 2 56 21 0 0 0 8 2 0 0 4 0 0 0
0 0 0 0 0 0 0 0 0 0 0 0 0 0 0 0 0 0 0 0 0 0 0 0 1 1 1 0 0 0 0 945 700 0 0 29 281 116 42 15 119 16 248 0 5 9 6 0 0 2435 5 8 4 497 6 28 52 66 356 157 162 1891 1208 522 191 24 0 2314 1605 1367 813 395 167 111 55 247 280 825 65 1856 1660 149 214 56 0 9 256 36 56 0 14 4 3 0 0 0 0 0 0 0
0 0 0 0 0 0 0 0 0 0 0 0 0 0 0 0 0 0 0 0 0 0 0 1 0 0 0 0 0 0 0 1012 204 20 0 10 114 362 300 314 749 952 1563 57 51 0 9 31 21 2425 46 22 328 67 0 11 32 9 26 287 514 1729 3204 350 457 103 1975 7999 968 25 198 285 57 47 0 0 0 818 861 1470 604 711 0 74 76 56 24 263 52 6 3 0 0 0 0 0 0 0 59 424
0 0 0 0 0 0 0 0 0 0 0 0 0 0 0 0 0 0 0 0 0 0 0 1 0 0 0 0 0 0 0 565 349 378 1439 35 0 29 2 75 74 215 1210 1292 117 93 26 264 268 3950 1303 1128 173 537 0 1 37 6 137 1846 2065 1800 1288 399 649 340 2015 2147 0 21 1 387 40 33 7 5 123 521 406 34 9 1108 12 1 42 31 21 108 7 0 0 0 0 0 0 0 0 1 855 248
0 0 0 0 0 0 0 0 0 0 0 0 0 0 0 0 0 1 0 1 1 1 0 3 0 0 0 0 0 0 0 360 49 72 46 273 211 0 4 1 6 180 360 28 1317 225 87 49 427 3500 40 605 882 2674 1332 258 21 18 348 1258 2322 1149 940 484 1289 3229 1783 223 0 1 8 73 534 280 38 203 1331 333 0 62 76 1243 8 1 0 11 449 90 4 0 0 0 0 0 0 0 2 501 293 58
0 0 0 0 0 0 0 0 0 0 0 0 0 0 0 0 0 0 0 0 0 0 0 0 0 0 0 0 0 0 0 1093 331 395 0 0 71 489 90 0 0 31 197 175 722 1013 1913 1873 2581 5211 28 135 243 142 2143 994 542 488 821 2942 318 2020 421 204 2816 207 114 295 554 90 66 78 574 244 622 1070 643 401 0 0 1345 115 11 0 0 277 19 0 26 0 0 0 0 0 0 0 85 1175 95 1
0 0 0 0 0 0 0 0 0 0 0 0 0 0 0 0 0 0 0 0 0 0 0 0 0 0 0 0 0 0 0 335 0 67 154 166 156 335 41 28 314 145 98 163 182 190 107 422 1476 4865 80 196 292 165 624 1487 1705 2054 2911 2341 430 1422 408 4812 1707 0 0 24 213 1536 9 60 814 365 1302 27 184 28 183 510 758 0 2 3 3 228 0 0 17 0 0 0 0 0 0 6 953 62 22 0
0 0 0 0 0 0 0 0 0 0 0 0 0 0 0 0 0 0 0 0 0 0 0 0 0 0 0 0 0 0 1 638 55 66 0 0 21 1272 54 8 96 39 69 34 72 222 81 610 446 4997 8 95 769 1727 1927 3795 1184 476 695 3232 5551 625 3843 906 149 21 0 48 3856 2095 1388 2354 1622 1092 322 459 103 1 187 1226 26 7 0 494 370 30 33 31 16 1 4 0 0 0 0 697 46 13 9 0
0 0 0 0 0 0 0 0 0 0 0 0 0 0 0 0 0 0 0 0 0 0 0 0 0 0 0 0 0 0 11 636 106 135 83 77 76 706 255 135 117 14 43 3 6 81 264 621 1777 9764 4341 1719 981 3 1 2379 936 1016 654 4051 14919 4142 2029 0 0 7 83 2193 1359 464 194 79 31 310 928 104 92 18 1438 119 37 1 384 387 0 13 0 1 17 6 0 0 0 0 160 605 1 14 0 0
0 0 0 0 0 0 0 0 0 0 0 0 0 0 0 0 0 0 0 0 0 0 0 0 0 0 0 0 0 0 0 516 164 38 206 85 73 894 795 228 54 6 1 33 0 263 8 5629 6416 3857 1059 147 16 0 2 1217 1326 1710 2763 17259 6785 687 653 32 1 154 2504 467 58 641 159 5 30 47 65 99 176 506 1186 0 30 407 187 78 28 1 0 14 9 2 0 0 0 9 848 0 0 0 0 2
0 0 0 0 0 0 0 0 0 0 0 0 0 0 0 0 0 0 0 0 0 0 0 0 0 0 0 0 0 0 128 318 38 12 38 179 66 92 307 1830 34 0 0 338 750 254 6935 2574 1124 2350 3068 873 2941 2177 1346 2490 773 515 2433 8884 4913 216 30 3 231 2673 323 425 174 807 153 0 1 44 50 158 658 1502 556 33 447 276 101 155 0 0 1 1 16 54 0 0 0 962 22 0 0 0 0 76
0 0 0 0 0 0 0 0 0 0 0 0 0 0 0 0 0 0 0 0 0 0 0 0 0 0 0 0 0 0 489 23 12 6 81 87 119 1705 491 1647 6 0 0 29 381 7810 1248 666 116 1463 5928 6462 4254 568 291 3377 327 428 1055 2532 11145 44 270 1388 2223 107 2 82 381 99 334 2 33 17 65 151 1295 1574 552 574 393 5 12 1 0 0 3 12 165 1 0 0 1222 391 63 18 0 0 30 68
0 0 0 0 0 0 0 0 0 0 0 0 0 0 0 0 0 0 0 0 0 0 0 0 0 0 0 0 0 1160 332 238 3 851 459 77 193 449 599 732 3 0 0 109 5106 2694 1146 138 149 3151 1214 3380 968 110 551 3987 515 1316 1792 1968 28911 7244 7835 6215 316 35 0 2 494 91 150 83 63 2284 746 1257 119 985 2 173 15 2 0 0 0 10 40 86 4 37 0 521 1037 162 22 34 62 105 50 26
0 0 0 0 0 0 0 0 0 0 0 0 0 0 0 0 0 0 0 0 0 0 0 0 0 0 0 0 193 1516 188 385 235 436 137 429 403 161 176 848 41 0 19 483 5836 703 447 248 30 1592 991 1841 4137 3302 4867 6959 3814 4701 1121 1601 6853 1448 2163 5007 2797 415 0 1213 3146 2662 690 24 165 887 472 260 0 1074 5 13 81 83 69 89 93 30 12 0 0 0 4 960 148 146 88 23 17 38 39 170
0 0 0 0 0 0 0 0 0 0 0 0 0 0 0 0 0 0 0 0 0 0 0 0 0 0 0 0 794 347 2032 176 323 247 779 916 732 488 927 2091 1219 428 309 1 5597 711 1772 3015 630 688 373 2665 2810 8282 710 11760 8398 5574 2632 3048 6505 1288 1267 2857 6019 2699 2771 1874 1439 653 1358 1416 1492 223 155 90 30 1055 5 41 0 0 0 0 0 0 0 0 0 536 1018 202 29 228 0 46 14 0 7 108
0 0 0 0 0 0 0 0 0 0 0 0 0 0 0 0 0 0 0 0 0 0 0 0 0 0 0 0 781 24 45 0 176 114 40 12 141 1303 159 0 798 2329 2726 1646 8839 1059 1501 3049 1143 1539 3318 11103 6332 5967 9069 3271 2569 8607 3713 10118 41415 16623 10088 10565 21808 5595 972 0 1201 799 385 691 287 207 1858 280 875 174 0 0 0 0 3 4 1 507 942 849 1031 616 0 424 255 182 1362 586 47 0 34 10
0 0 0 0 0 0 0 0 0 0 0 0 0 0 0 0 0 0 0 0 0 0 0 0 0 0 0 0 1233 36 10 152 204 80 55 237 66 866 198 0 3 465 1397 9142 10605 10515 6442 2523 2867 1369 7895 4963 3472 5938 606 1790 738 14417 4695 7003 31742 10430 4653 102 23609 2348 240 817 417 739 154 59 0 1316 270 65 1088 0 0 0 0 2165 1695 2195 4095 1717 506 215 13 0 0 0 108 266 171 21 61 56 22 0
0 0 0 0 0 0 0 0 0 0 0 0 0 0 0 0 0 0 0 0 0 0 0 0 0 0 0 0 1727 272 33 28 110 120 188 278 680 2004 273 79 231 3007 9167 11556 12655 3368 1699 0 1692 2865 6224 7599 3503 5963 834 2174 136 5518 4254 1748 11765 1542 2753 2988 13542 4387 4037 8272 2772 1100 190 59 11 998 201 4 1146 0 0 0 1680 392 174 566 594 0 6 719 1 0 0 0 79 286 108 121 317 114 15 12
0 0 0 0 0 0 0 0 0 0 0 0 0 0 0 0 0 0 0 0 0 0 0 0 0 0 0 7 2746 199 129 115 88 126 112 1007 2631 2071 75 1032 5808 1409 681 285 9243 3460 606 396 1231 14352 9186 1973 34007 20178 4170 4354 3693 18159 11748 2328 16366 1584 606 969 13310 2195 7665 5479 1568 769 253 308 213 1134 115 1077 61 0 0 297 1611 5 84 1477 513 0 0 105 523 839 166 310 105 452 168 431 232 0 3 4
0 0 0 0 0 0 0 0 0 0 0 0 0 0 0 0 0 0 0 0 0 0 0 0 0 0 0 1229 4771 2019 58 72 427 840 427 832 2457 3670 3771 6039 3034 526 286 596 8640 695 1386 1218 1364 15446 2505 1509 1835 3232 10641 108 1067 3795 5 15328 11732 498 260 42 23209 5224 65 2474 4808 4885 3756 1139 2308 709 157 1126 0 3 0 2579 1 4 89 813 91 0 0 87 5678 118 57 0 27 231 0 679 0 0 98 548
0 0 0 0 0 0 0 0 0 0 0 0 0 0 0 0 0 0 0 0 0 0 0 0 0 0 0 303 119 183 3936 1077 1496 1349 1115 2092 1500 0 160 1008 1109 1048 474 412 8189 1623 486 1073 1382 8793 728 641 2111 1165 8534 2575 14139 3955 6 19184 4558 1951 1484 17543 14824 201 0 0 739 4600 1814 227 418 208 142 1097 0 1 1 4013 1038 653 245 454 560 9 0 18 7936 53 61 0 43 220 0 397 212 471 527 0
0 0 0 0 0 0 0 0 0 0 0 0 0 0 0 0 0 0 0 0 0 0 0 0 0 0 48 42 0 0 851 104 51 34 1 315 1549 707 240 2789 416 26 8 0 5422 4556 1482 2200 5143 9392 1514 477 27 6636 3041 1936 21462 8346 17317 25289 3632 9210 15194 4362 1464 162 0 0 0 182 3109 4364 213 199 113 1207 0 0 1046 2782 43 908 756 2002 172 430 7 15 18 0 21 108 113 416 861 199 864 382 12 0
0 0 0 0 0 0 0 0 0 0 0 0 0 0 0 0 0 0 0 0 0 0 0 0 0 0 50 4 0 0 848 860 123 121 87 44 340 63 1262 2389 4970 1566 0 96 2977 5670 1525 1836 11121 1579 5221 814 295 9967 33 1021 1192 10533 1373 16783 3356 4422 15642 4208 1998 1 0 0 0 0 108 228 4989 819 1994 196 0 0 3574 1105 297 1457 883 1332 3516 530 388 30 0 0 67 176 242 292 69 5553 3502 4441 1552 766
0 0 0 0 0 0 0 0 0 0 0 0 0 0 0 0 0 0 0 0 0 0 0 0 0 0 0 0 0 0 0 0 1544 6 0 0 622 125 232 224 13606 4294 52 0 8900 726 2209 1517 17158 2213 8821 3353 6848 30281 48321 54139 26446 8609 1178 25503 7957 12671 59216 4289 5750 16751 0 0 0 51 104 0 455 4655 393 81 1 0 2921 1516 621 490 687 1876 1429 1477 348 287 8 0 0 191 13 0 786 2226 3831 2478 4211 1438
0 0 0 0 0 0 0 0 0 0 0 0 0 0 0 0 0 0 0 0 0 0 0 0 0 0 0 0 0 0 0 0 54 926 929 477 2 712 263 614 634 6504 2371 5128 11366 3562 54 4229 6703 358 4064 5215 11790 2401 880 87 34717 63924 59463 7691 1507 9434 26237 1000 1140 1382 4 2 15 128 21 6 2 5309 186 263 0 39 3142 506 1630 1291 919 1454 1055 1617 722 209 13 0 114 9 0 0 2687 1312 892 894 2195 261
0 0 0 0 0 0 0 0 0 0 0 0 0 0 0 0 0 0 0 0 0 0 0 0 0 0 0 0 0 3 0 0 0 0 0 559 2699 282 194 143 3137 8041 9637 12453 31604 14745 9085 3687 34 110 359 6147 3472 8 44756 94495 58397 14632 61173 212 7 5 19349 89 262 24583 34705 26234 19676 19 0 0 0 5045 0 0 1 2300 2295 3059 6964 5942 1249 2719 546 523 2394 439 9 219 53 0 476 1244 2575 675 3510 4551 3899 4439
0 0 0 0 0 0 0 0 0 0 0 0 0 0 0 0 0 0 0 0 0 0 0 0 0 0 0 0 0 0 0 0 0 0 0 0 66 3960 2306 2829 302 15742 7024 10347 10429 24908 740 95 94 39 7637 6189 92 83752 100868 424625 235029 32243 138030 36693 28040 25810 58249 33585 40777 13044 4 1 4104 24454 14 0 0 4962 0 0 39 6059 6404 3395 431 4001 9656 5529 2552 5541 2260 151 393 425 38 1004 2495 2135 65 158 124 809 3853 286
0 0 0 0 0 0 0 0 0 0 0 0 0 0 0 0 0 0 0 0 0 0 0 0 0 0 0 0 0 0 0 0 0 0 0 0 0 0 5613 625 2125 24180 29623 16733 19724 1998 5174 6176 7245 7344 684 434 106765 39118 77790 155988 168487 75834 171274 140240 139817 27393 37290 2333 8223 12964 1 0 3 6963 28273 12228 309 5509 10 15708 72013 11885 1786 871 505 1 131 135 29 1673 803 1458 1547 3297 4517 4248 755 411 1 230 586 3453 1667 96
0 0 0 0 0 0 0 0 0 0 0 0 0 0 0 0 0 0 0 0 0 0 0 0 0 0 0 1 0 0 0 0 0 0 0 0 0 0 965 6409 2463 26401 46001 15880 11230 9174 1024 10402 56722 68830 74140 85272 18039 16693 171300 11747 74768 363270 14448 192423 286772 51365 8524 7793 11707 1830 4 632 1960 0 4699 8020 79500 60150 50179 32123 34264 13967 2355 253 3343 4112 9538 2925 2400 3422 3141 2021 2158 6831 1843 1007 1198 769 2000 3269 2285 1412 1233 608
0 0 0 0 0 0 0 0 0 0 0 0 0 0 0 0 0 0 0 0 0 0 0 0 0 0 1 0 0 0 0 0 16 39 2 0 2 0 0 3 1821 3089 47186 15711 4648 3 44196 157408 23520 14198 26307 22170 149536 153989 279258 292676 430854 1062016 112296 294807 53161 213101 111051 60007 78578 72188 45581 30838 6337 5012 1727 86677 21579 68254 121984 6753 1358 454 1027 2887 3371 1134 597 5 0 691 5394 1989 97 496 2121 0 0 1149 576 232 123 38 919 135
0 0 0 0 0 0 0 0 0 0 0 0 0 0 0 0 0 0 0 0 0 0 0 0 2085 3607 3316 11042 34812 36083 27080 41593 27237 33192 20483 59 6387 33935 1441 39 8211 28215 29097 80 7750 65870 135943 1658 2080 614 15360 428601 503066 158112 253057 294792 182489 642185 805204 371963 109019 243453 232155 125541 26572 13064 2898 24840 36327 91981 208095 51191 1519 56034 2351 3 4603 9442 127 2176 244 495 11 499 268 112 613 903 197 1543 3369 1 0 354 315 171 0 0 1786 242
0 0 0 0 0 0 0 0 0 0 0 0 0 0 0 0 0 0 0 0 0 0 0 480 30742 43040 30652 26066 5995 17394 9600 13315 21636 13025 18685 100383 29913 14393 65022 42363 38113 41352 87058 54706 34789 3517 12631 36000 11178 21459 467891 60351 78462 129170 15713 85909 193312 424426 79556 345120 89101 114126 114030 236437 309448 20143 8790 1599 5456 130674 746411 43360 1209 14498 37864 3 85 4954 2246 426 1231 77 10 5 0 11 826 266 202 927 4279 688 0 50 503 5 154 649 1655 325
0 0 0 0 0 0 0 0 0 0 0 0 0 0 0 0 0 0 0 0 0 0 0 39230 28049 32750 10510 1946 6259 34465 63398 75954 51479 59676 19421 3862 8510 27593 33677 11504 28969 16783 22847 28693 30210 11035 974 37701 42177 146542 87115 73820 150603 15091 14467 29688 59218 205513 266260 349588 152861 93916 67199 72225 71407 67062 271184 91489 64198 11189 8044 27759 7660 3098 41078 6749 1540 1700 4503 1480 462 23 507 36 0 59 425 31 37 225 2924 766 0 0 345 448 1128 288 133 371
0 0 0 0 0 0 0 0 0 0 0 0 0 0 0 0 0 0 0 0 0 0 7894 57396 14238 3648 7223 30278 51998 9816 14003 1420 11628 43193 152887 83724 58174 41324 94565 9486 38692 58684 40295 24727 78243 140915 73753 72894 321860 593649 21939 15727 98482 22297 29220 20492 18078 79031 357536 119052 71779 30810 34825 38826 58998 6063 36663 35051 3817 4 9501 273 72556 33808 11611 1537 17042 3193 2770 20924 9901 4018 2487 183 389 10 52 44 0 2185 1102 1287 622 620 1695 1000 53 24 121 333
0 0 0 0 0 0 0 0 0 0 0 0 0 0 0 0 0 0 0 0 0 2 42871 28585 64019 4934 66086 18963 8267 9742 6896 27486 31154 16234 81955 31053 69022 184474 58175 19457 37367 74698 94297 173705 116244 39576 310120 274116 62972 223724 19897 29867 123590 23227 8209 10652 151307 146432 407851 165490 227772 28072 56783 61707 17331 88225 17944 32502 3815 6114 1106 1580 47402 17181 875 1571 2282 6087 3 12235 17862 1806 4381 1376 0 147 73 23 1065 2739 259 478 27 0 453 633 12 5 2 149
0 0 0 0 0 0 0 0 0 0 0 0 0 0 0 0 0 0 0 0 0 26892 30323 26453 65981 117680 30181 5460 6668 10774 25846 7138 8489 19729 32454 16508 4184 239172 311225 112007 118164 128366 3216 41075 663 539 7549 194235 44017 158720 13207 2802 158933 124673 49891 61175 247845 82736 187545 13120 95663 132622 32415 22847 5732 148415 11388 27616 22990 3276 3103 355 52348 3054 3871 3508 6795 5851 17 6996 2261 1430 2333 4989 2403 827 2799 2950 2167 2 1320 367 0 6 341 567 6 0 0 161
0 0 0 0 0 0 0 0 0 0 0 0 0 0 0 0 0 0 0 0 2577 74561 40215 22909 14414 15263 35560 27559 26578 17998 33145 4512 15313 62 9724 25500 18610 2451 39029 70018 6178 39555 3971 12903 28384 234 6163 57410 249004 69969 69027 131482 165861 71862 87849 34708 54270 43284 136188 6730 33260 11624 103844 21412 5911 52562 109565 51248 39030 10796 11761 22567 58147 28733 25964 2524 11389 8008 8544 3223 67 0 0 4665 8002 2298 56 1 0 519 91 47 185 369 244 427 0 0 0 85
0 0 0 0 0 0 0 0 0 0 0 0 0 0 0 0 0 0 0 3 39248 29891 27244 2780 517 44 8188 10051 38083 69001 7531 8013 7448 0 2 6765 47043 32260 28642 108684 23381 30377 15371 9143 78256 7678 68719 289997 397959 147687 132339 83618 27519 11773 4637 781 35488 39958 269657 28675 24407 32201 79197 19854 33871 11025 77486 5491 11400 12612 11642 20465 45893 4865 23324 4627 5966 9042 8689 4220 3074 1647 929 8450 1335 2564 58 1 0 631 0 0 23 173 326 46 0 102 46 152
0 0 0 0 0 0 0 0 0 0 0 0 0 0 0 0 0 0 0 13212 59517 14684 4458 4690 3292 1419 220 1004 4931 31416 41002 35278 18674 56 4942 15764 3036 28126 87848 8860 49647 44828 302218 182278 234364 82977 60510 142784 187709 70096 140715 32122 18947 3734 6696 323 3571 53936 73455 74167 57530 64495 193905 97824 92461 42069 55013 43206 3878 7 20 10785 92635 45366 35485 14703 3291 10791 23976 10712 2530 2016 3370 1929 14 1796 3991 715 0 278 0 46 197 0 415 0 49 129 694 291
0 0 0 0 0 0 0 0 0 0 0 0 0 0 0 0 0 0 1 14690 21137 10954 4595 1712 4464 10084 7893 11173 32725 6895 3586 6768 55536 65216 14769 7288 7676 147763 114996 134993 229779 195117 138366 37535 11399 6802 37877 37031 148749 6861 65566 54374 152285 4308 13428 8130 3757 84486 217907 160012 170846 178708 18652 104158 70243 41694 71935 139754 6906 2782 4175 20940 61290 5558 20543 32952 16293 11993 15796 13449 3561 488 766 875 62 16 3180 2098 1719 3239 830 1078 205 0 351 10 0 915 4353 3388
0 0 0 0 0 0 0 0 0 0 0 0 0 0 0 0 0 1 3213 14075 6763 1701 3414 9312 8436 8154 10870 149 30277 26895 19523 10481 17238 90502 278044 112274 176207 158832 17543 22304 43692 3657 35291 86784 53467 18413 139348 24010 39076 31141 51446 14456 126187 67117 97671 106830 97803 306858 245728 163194 106662 253991 24568 35967 22583 7950 14839 128836 82034 4864 31077 9126 16494 39969 5047 7933 24976 9850 15833 11007 8975 3682 778 0 0 38 2803 857 344 1470 1054 392 478 1 419 26 2341 2274 30 34
0 0 0 0 0 0 0 0 0 0 0 0 0 0 0 0 0 0 23085 8196 1794 2 73 6589 6904 2640 7384 13183 18486 43982 163920 49824 19895 3946 24927 1 3349 36759 78509 11278 9535 9371 11667 37171 155351 115552 89469 22774 61169 194179 231144 52162 151938 46448 49731 55601 48584 74785 38951 37702 96167 4829 106557 28262 19315 5989 7389 27199 191373 98654 35214 83012 79242 55696 6438 14783 3969 14001 19282 175 5437 2940 0 2 6 697 359 579 823 469 734 371 1329 1787 7250 3114 522 1 21 158
0 0 0 0 0 0 0 0 0 0 0 0 0 0 0 0 0 25 21750 7044 101 394 5371 7523 12360 17051 63582 38166 4059 1188 2532 22838 11588 28209 11127 4355 7576 46803 39895 103412 80276 84033 113617 110904 33629 1479 66258 74825 61399 116007 90707 10563 37477 10161 8544 14772 4620 83068 52113 20426 192933 31206 20846 129834 124488 9177 11879 19815 25569 101137 7452 14025 111956 14511 43048 31051 5123 11413 27465 196 5532 1765 0 216 68 1624 44 403 260 264 1008 2998 5796 3589 1319 79 292 228 24 12
0 0 0 0 0 0 0 0 0 0 0 0 0 0 0 0 0 25231 11466 32654 13639 10881 18993 21181 44 17 13004 1917 2806 3554 3402 29121 39186 6565 13121 23952 40998 134614 59512 10034 42259 126304 88149 24132 2471 17063 15634 6420 14813 197685 166315 4400 37460 4246 4392 19507 64005 87299 18159 45581 76401 11067 33575 15363 97466 45262 74524 11426 10153 103437 59418 56783 19673 9023 10765 19246 12035 5232 16450 26369 27752 17604 7001 5796 5872 2151 304 792 185 1470 11600 2944 163 0 702 32 425 26 0 229
0 0 0 0 0 0 0 0 0 0 0 0 0 0 0 0 2 56772 11941 1283 201 0 1 0 0 0 7470 9217 2643 119 45 7981 18387 4050 3088 4540 3684 31326 19551 20452 73954 89687 82125 11170 21875 8813 7697 24054 15977 16109 115409 34873 34107 23511 18351 16892 18727 33846 23838 15966 57098 17001 8520 4446 17297 18286 26855 62849 64671 170976 14488 15807 11457 8840 1950 1025 13492 5675 26738 19872 4997 6499 14070 21314 6279 8433 4786 4482 6645 4151 3260 1471 1969 1545 653 281 350 695 332 152
0 0 0 0 0 0 0 0 0 0 0 0 0 0 0 0 0 4864 15859 0 0 0 53 0 0 0 7757 5001 16248 6992 5036 11544 17453 35583 5774 16354 17324 27277 14512 64086 73672 13139 26463 77419 31512 12823 20195 17854 35660 56407 43266 53659 15365 15355 15768 1489 25437 13729 21255 24238 101656 24703 12919 8483 52026 22151 15844 74585 105469 64263 76024 11900 8466 1860 2229 118 10 11031 17331 15615 2726 3228 390 9773 4659 566 616 2859 3745 1538 2516 20 125 0 221 0 0 129 0 17
0 0 0 0 0 0 0 0 0 0 0 0 0 0 0 0 0 10197 23416 0 0 6838 17886 8983 431 3631 17885 4771 3026 23366 11060 9304 8441 41283 42736 4863 8028 6242 44288 44236 15509 25150 304 31823 81356 71089 32368 114 33597 26243 2031 19023 9418 24439 18018 14996 54563 16852 9208 11251 167835 99129 66400 65209 91123 60684 90969 26325 8373 74417 50437 3719 3782 2080 3150 211 2007 3702 8 10352 13218 221 138 2907 5812 3253 89 2088 739 724 6052 189 60 240 337 361 509 77 0 142
0 0 0 0 0 0 0 0 0 0 0 0 0 0 0 0 0 40643 116 218 17022 47106 435 2833 28682 16457 966 220 5511 5386 12984 5573 22907 1929 47663 3992 9403 33675 47211 8434 3665 10071 16773 13629 7150 11488 51338 63564 65245 85621 65783 44159 4080 4133 5150 1429 117524 51005 13100 87819 128113 42112 344 7460 26709 35291 15077 11760 9665 46219 27546 12615 5205 1090 1546 944 606 2956 0 182 22344 5735 543 1246 2082 4766 5357 3030 595 4779 7295 3409 260 1279 421 98 474 459 194 398
0 0 0 0 0 0 0 0 0 0 0 0 0 0 0 0 1536 46524 14695 22289 8981 10452 0 19 2355 15702 13659 607 4029 7123 4142 16816 5647 5852 23071 35792 31819 57019 22176 2954 7541 6665 4639 3014 8181 12384 939 3 26 25917 7201 66447 78929 81961 82179 80680 127105 81371 98485 33789 164749 57018 40709 104235 5447 130 17944 5532 18526 9055 46203 91416 10457 6942 3878 4832 2484 4083 191 5051 23501 12920 2007 2017 1607 2471 12278 6235 4955 581 1972 6736 448 355 0 0 307 52 0 20
0 0 0 0 0 0 0 0 0 0 0 0 0 0 0 0 4313 18056 1370 543 1567 4983 0 260 1775 625 29245 15704 10991 3868 5077 26680 3927 5357 7040 44606 88158 27417 7193 8608 10745 1494 2107 3076 3308 7028 5917 2969 32234 40230 9705 28014 11945 12617 11841 14725 62924 7398 34368 54568 3037 3943 6114 84387 791 794 16894 2835 7322 11888 58272 40490 3470 676 3 942 440 106 469 128 16989 11866 1785 1024 1998 7838 1883 840 821 1115 535 3513 10901 584 3 0 0 31 0 0
0 0 0 0 0 0 0 0 0 0 45 354 0 0 0 3300 7179 26131 5773 7961 8703 20068 1287 1726 1652 755 2150 28023 14009 4413 40869 43437 29350 48437 72201 118476 29137 2303 7649 7752 16974 2592 1759 1 15 1281 1245 6892 20252 9932 26694 28523 13719 5494 426 6117 64964 19318 43605 49877 6203 14182 8551 76242 19880 10017 25608 13570 16089 21960 23183 24495 16658 1124 1292 222 3231 1442 4493 3496 10167 2783 2907 13424 17333 1829 52 676 288 356 496 351 5657 2981 205 0 0 97 33 33
0 0 0 0 0 0 0 0 0 28 1 326 212 1 206 1117 17742 21958 3494 3176 4793 14495 6252 2425 5292 857 928 5818 16643 11445 36050 1776 4207 14628 115706 38644 39347 24629 15515 18056 7942 3862 806 2351 62 4086 11247 12409 43044 8842 10440 25211 2361 7205 5423 7141 35383 5605 17805 10024 28114 6 15817 84651 24742 1164 15258 166 763 3373 9818 22034 28766 8906 9673 3050 3548 3139 7080 8850 122 1680 4374 2222 2457 2195 995 1131 2970 1713 249 272 561 181 1980 1194 269 36 28 0
0 0 0 0 0 0 0 0 0 0 0 0 6 173 4402 11496 43526 18009 12450 9757 24362 16281 1996 1250 4919 5573 1956 2973 5453 4954 6276 8510 15476 64820 813 22863 56862 31994 4253 13129 2905 23 11 972 2407 19402 12713 52077 62965 27480 60921 38127 8066 1098 394 1 18615 1872 13096 125 72098 108213 61301 1171 58851 548 5878 29973 36454 24187 23510 26810 101348 16646 9851 2023 17473 25007 20590 14359 110 3692 24 27 1153 227 1088 1885 892 99 168 117 128 57 0 1314 1058 208 616 169
0 0 0 0 0 0 0 0 0 0 0 0 0 2 6155 17656 9207 2246 3567 1831 10418 3395 7240 2707 2577 2317 2491 2721 1434 12423 15314 3267 46258 19192 2105 102229 13379 21106 32239 10257 250 3 1932 7355 17133 1954 1100 13531 5909 1773 3293 15152 26425 16760 1418 0 16829 2572 17277 8384 11678 11530 52287 14979 220476 42295 23300 17334 7865 5297 3429 42171 99094 2669 4685 12266 2537 838 157 5009 12867 14168 5309 4572 2216 231 2064 1510 69 16 0 71 216 154 107 144 2816 1395 1468 1191
0 0 0 0 0 0 0 0 0 0 0 0 19 5129 13370 5802 1701 2190 1639 5605 2884 3809 1391 7132 1158 283 287 3039 3143 439 1035 46586 3097 170 1883 18905 4627 2511 6771 33770 9225 9 10807 10960 166 936 2596 12221 3615 1194 588 16309 4 4786 20405 27158 109126 10865 14422 2347 4604 55424 98850 209605 90940 1526 15933 3010 11232 1667 1252 3057 32794 11062 846 632 180 252 367 604 804 870 766 9 7589 5692 458 270 649 235 171 1 92 22 85 1202 944 228 11 534
0 0 0 0 0 0 0 0 0 5 100 0 5 9927 8250 3039 1398 749 1015 2776 5694 7624 822 7443 6510 340 578 1175 179 626 42938 7753 358 574 358 4944 2 0 4390 842 6769 26453 7056 1015 580 689 6663 6030 624 1052 1691 18101 1404 2110 2120 730 14766 21022 59199 20867 32973 66409 11047 6160 20191 2014 19983 8551 4011 1380 2811 666 29453 4905 5399 3132 1373 455 1 0 183 1804 1 0 1449 10982 600 1347 2 0 196 196 240 94 747 557 660 0 30 137
0 0 0 0 0 0 0 0 256 6 251 128 1 11460 6263 2794 1029 2066 497 1285 1279 6483 7580 1262 4122 4385 286 715 1517 39191 5737 8166 4977 1996 1831 9037 1985 795 4176 1832 757 1319 3808 441 3030 992 6417 1 67 1109 22664 2043 355 1 747 835 11407 1306 173 79 3 4836 2072 1 15148 15029 23319 2028 2257 4854 1712 3526 12199 21897 3360 2254 3644 0 0 0 2468 641 0 12 401 6065 4157 225 1010 771 16 152 259 411 2455 226 177 59 215 181
0 0 0 0 0 0 0 0 192 3003 5723 5616 2104 41 11510 14598 225 327 1109 717 650 321 1105 1103 1294 3889 7645 8856 35403 7757 2317 387 4733 441 1903 9819 3408 2519 2839 1640 2669 1072 3581 2046 1231 1757 6756 1676 365 4207 17075 14 0 0 0 943 6787 316 0 0 2 4081 23 5534 29495 15768 17728 2206 1782 2752 10 2411 2079 15769 1981 2498 1031 0 0 375 1053 405 1102 1833 1727 941 765 2128 2363 1184 2 109 2 48 1288 540 69 101 230 29
0 0 0 0 0 0 0 0 0 3511 1184 942 3358 3186 2769 1288 2620 2646 4033 3365 3182 541 454 369 10122 11263 12652 29999 19599 690 226 3038 4330 689 743 1785 5214 1882 2600 201 1357 3367 5145 1240 3383 1124 10706 1564 850 16719 9915 27 0 0 10 357 1773 3531 0 0 1608 1188 2513 3151 5916 5155 18183 1882 3698 6844 2412 3670 4787 16637 1665 1590 1377 776 344 2666 21 179 2132 2513 1120 1578 71 670 214 543 1426 985 1049 1223 3585 1201 451 153 4 39
0 0 0 0 0 0 0 0 2221 1384 1791 1897 2538 10101 8334 908 0 0 3 93 5344 1083 5541 12939 5450 1024 1645 6904 21091 1048 416 3755 1782 1184 2634 1791 3351 355 896 0 161 58 8606 2277 5812 2427 13413 2560 4675 13925 2372 4629 1834 1217 1275 3113 2432 10836 2229 2696 9513 1864 208 44 1550 1755 22540 3483 446 653 1021 1598 2352 26748 3757 1517 596 0 1012 1511 601 620 737 819 2258 916 6 190 21 38 223 0 58 104 1229 270 134 129 0 0
0 0 0 0 0 0 0 0 4726 563 532 719 363 5548 87 6064 2103 6 75 9 70 5208 14902 473 106 155 97 1674 8784 9931 1359 3254 1763 2754 2778 3355 2555 17 994 54 83 498 1384 1826 1915 4808 4535 3040 13270 14 1967 3308 1504 2003 703 1260 1027 10730 2714 3351 2071 0 113 96 1099 103 3090 20703 1274 363 479 593 764 15740 4898 4302 1049 250 1679 972 0 0 10 151 921 16 15 0 101 65 0 52 141 754 504 219 194 148 126 3
0 0 0 0 0 0 0 1902 2057 183 663 782 2093 4301 413 229 3313 3990 9 85 125 11471 23 442 222 90 348 102 837 13936 501 652 358 694 1870 440 1 0 283 817 71 229 949 796 460 8591 2873 705 11617 0 20 0 11 1059 4847 900 3213 18678 5385 4097 2293 39 0 19 219 156 560 20284 502 641 265 431 567 1989 16725 2415 2137 1945 833 2260 729 2170 1 648 0 259 11 0 18 23 75 2 51 847 21 67 60 50 0 76
0 0 0 0 0 0 0 4553 680 509 178 970 642 1727 490 2242 5607 4860 6124 91 10911 782 0 15 551 129 157 68 605 15391 273 1832 400 178 122 1 0 18 285 471 613 405 958 485 1124 3284 245 313 12069 1 0 0 0 895 1045 904 1624 5493 703 1887 3877 8772 1799 171 13 354 763 1188 21814 3932 336 213 536 2034 9534 14734 3636 1603 1678 2097 608 30 193 1052 0 0 0 0 0 0 0 0 9 560 496 29 366 10 0 0
0 0 0 0 0 0 1851 788 79 169 680 561 1918 1139 333 1269 2524 1048 1250 14986 4845 15 121 115 147 659 69 282 418 4481 15147 462 25 521 174 0 1 5 0 0 621 419 1744 841 655 2206 361 170 11954 257 0 0 2 4681 625 372 1033 7074 679 1 749 586 719 1120 76 2212 13650 8728 5761 14592 1925 755 697 567 1046 11227 742 1005 0 0 233 108 5 537 433 162 2 0 0 0 0 0 75 441 749 32 11 3 0 0
0 0 0 0 0 31 4692 623 324 330 967 441 352 1171 980 3215 711 177 2778 10826 2960 0 14 6 15 434 369 130 108 246 3296 16260 88 144 274 48 1 0 0 0 509 43 600 498 809 1453 113 31 1492 11791 10 0 14 311 126 87 170 3469 1332 927 1003 2 118 8968 12669 10499 565 10844 15819 30774 13184 5482 7442 73 484 8843 2854 4103 598 32 15 0 83 391 515 0 1 0 0 7 0 24 23 10 753 1 232 9 0 0
0 0 0 0 0 2351 1779 690 260 684 810 463 771 1416 126 1401 1064 2152 5953 0 19 3 0 1 27 193 550 82 131 520 207 1384 17232 919 173 451 232 0 0 0 791 292 1148 655 675 3007 297 0 205 11716 899 621 280 0 8 0 99 1853 1313 486 10112 11953 12394 7581 8 600 88 4 17 5206 30493 2463 5938 5428 3004 856 8174 660 4182 5333 1953 218 82 907 43 267 0 1374 15 46 116 246 0 0 511 0 0 8 23 0
0 0 0 0 0 879 977 1709 1681 2200 1045 1135 1981 3459 75 785 100 7483 133 0 0 10 0 2 10 7 263 228 115 506 476 249 682 17043 4499 214 3065 9414 542 230 556 533 2317 395 870 442 884 343 3810 12179 1550 1605 442 0 25 1372 11623 12147 11976 11787 2355 385 66 903 2721 689 572 258 222 182 1518 988 585 378 538 1418 6366 1739 21 1387 4903 7622 3472 3335 5404 5496 7072 8264 2763 2455 1705 1469 1359 1288 1626 1372 269 1 1 0
0 0 0 117 274 1264 441 2 0 0 0 0 482 1542 4688 7733 2947 3970 2005 28 0 5 0 0 0 17 92 25 101 110 158 14 140 35 10546 15791 18881 23502 596 759 1647 3542 743 592 130 133 2831 376 920 13121 3821 4067 827 3556 11734 10208 2142 2 647 0 97 65 0 2 18 5351 1639 9 47 388 388 1704 193 0 138 717 773 9409 1052 276 2 11 2136 3071 2130 190 92 3343 5194 0 95 491 41 159 845 12 1022 1260 1276 956
0 0 0 3 895 793 204 0 0 0 0 0 615 649 638 5388 4144 520 6346 526 0 0 0 0 0 0 0 7 110 117 92 34 49 147 0 518 17008 26793 15968 15225 14580 9235 875 836 12 0 1061 57 451 8146 163 1441 19806 13600 1930 4132 1041 0 590 3 0 58 0 106 180 1169 225 831 22 59 188 1062 554 0 20 313 756 709 15915 2559 859 1643 1107 1140 2016 233 2160 2029 1681 7268 1681 180 399 15 546 0 0 0 57 367
0 0 0 252 725 28 0 0 0 0 0 0 127 395 491 704 3763 6128 2404 308 0 0 0 0 6 5 0 0 234 32 0 0 62 119 157 213 28356 53 43 570 270 7109 15751 15311 3776 81 983 26 323 9010 12906 14993 2188 3247 402 2534 127 0 69 259 8 27 120 821 555 590 44 1082 855 1080 1046 1069 1504 0 0 34 335 619 1096 5323 3606 1128 1925 4085 1388 2834 3874 1676 2713 3588 13120 1991 1910 3621 1393 0 0 16 26 351
0 0 0 1056 5 0 0 0 0 0 0 0 108 366 53 177 2677 2591 746 219 190 0 2 1 1 1 24 51 22 81 21 91 823 91 12 65 25851 11 60 99 42 342 87 1248 17932 15549 15179 13718 14723 25689 3042 263 1768 6 0 963 2171 226 3 515 223 233 4 1 724 549 10 1 0 304 155 423 2072 176 176 0 136 1364 209 100 15812 1876 2383 402 133 192 1452 6669 1265 971 2897 22 6 1465 744 902 975 875 1605 722
0 0 0 1050 742 0 0 0 0 0 0 0 162 351 5 41 4559 9291 393 355 212 45 16 29 0 0 48 0 3 64 252 454 57 5 40 1 24592 96 253 72 41 193 0 0 261 11 5056 29 503 10445 4074 873 329 323 227 123 2806 424 1201 841 413 27 0 168 89 924 19 8 0 107 23 92 1371 1309 310 227 500 197 484 904 3911 523 990 1870 805 217 4426 407 761 564 2208 0 4 1473 198 0 66 117 41 8
0 0 0 3 348 0 0 0 0 0 0 6 90 402 5 114 3198 8598 86 262 359 416 391 303 84 68 17 0 0 477 81 80 4 5 91 31 24738 146 9 1 146 112 0 2 429 209 2207 1097 1597 12632 1620 609 0 0 363 62 1280 116 298 228 454 41 1 74 26 988 0 46 15 17 31 240 14 1590 1091 692 1458 358 1300 447 1740 1559 1774 1351 199 202 2165 231 406 340 2654 452 416 1274 222 150 21 22 37 30
0 0 0 0 310 0 0 0 0 0 0 54 9 163 175 83 2726 199 329 425 344 0 20 227 124 79 14 0 20 105 65 11 0 2 0 527 24394 110 10 48 39 152 0 38 430 554 1423 1387 1707 8936 651 0 0 1 295 290 1882 3 111 302 285 435 241 319 0 601 514 0 14 29 377 0 0 511 1175 662 93 411 718 595 116 1583 167 1208 1618 1333 2763 811 381 0 5356 687 392 528 313 109 163 89 155 32
0 0 0 0 301 0 0 0 0 1 64 6 3 89 461 7 2423 0 29 0 226 49 27 170 407 2 4 0 0 153 159 14 15 8 0 23942 1135 308 20 0 0 155 0 30 632 1184 914 18 0 9017 653 41 0 59 85 627 2460 865 265 107 0 144 7 72 216 304 1412 178 185 98 112 0 0 326 1174 567 160 204 206 418 458 838 1687 72 470 665 940 646 950 2338 2194 771 291 9 0 49 26 16 86 10
0 0 0 0 327 0 0 0 0 27 67 3 9 96 458 56 2460 0 31 5 399 280 306 25 399 59 30 449 7 28 19 0 0 0 31 26541 101 37 33 0 138 50 1 301 140 905 124 0 1 10413 1025 790 0 0 8 23 1261 382 342 122 0 49 253 206 0 266 1799 558 59 275 38 12 111 571 37 1573 49 356 177 0 4 0 527 3307 1185 737 468 1487 458 2907 177 1001 95 4 0 21 11 0 19 0
0 0 0 0 315 0 0 0 21 1 0 0 7 40 189 438 2551 0 79 726 96 43 145 164 357 53 59 7 11 13 6 4 0 28 18922 9595 34 0 13 165 55 300 109 136 926 391 110 225 0 8380 289 727 0 0 14 605 793 240 42 313 230 36 0 83 197 340 558 309 609 27 218 56 54 0 0 937 536 7 214 125 75 89 263 55 2270 608 434 1516 3056 1113 193 225 1022 174 71 43 94 0 0 0
0 0 0 0 329 0 0 0 12 6 0 0 57 262 58 897 4261 335 632 1761 272 100 153 121 851 929 0 1 1 0 0 0 38 8663 19890 0 0 0 55 144 63 0 91 49 648 110 26 0 0 8006 122 1426 0 0 0 7 1020 66 33 114 329 914 62 650 438 0 0 536 307 330 18 144 77 0 50 21 1382 1 92 1 0 3 80 204 1850 259 426 2071 4309 480 511 227 854 365 227 6 0 0 0 0
0 0 0 0 530 283 0 0 0 15 0 31 88 1180 4425 1084 5071 786 32 16 24 11 288 152 541 211 0 0 0 16 67 66 222 28110 2 0 0 38 171 0 0 0 166 64 820 159 19 0 1 9692 879 112 0 0 0 2 1270 656 415 348 175 1519 445 5 263 0 6 589 55 252 53 82 7 73 59 46 1415 0 196 15 1 5 120 260 828 170 223 2439 1185 179 153 1970 70 170 377 0 12 1020 0 0
0 0 0 0 427 810 132 0 0 36 0 53 0 54 492 1037 2549 1942 1266 12 100 117 305 94 12 65 1920 69 52 25 2 25 27225 1872 0 0 92 131 0 0 0 0 14 438 231 53 67 0 0 8116 1 735 6 0 3 2258 1594 312 270 258 110 213 34 19 235 5 8 332 191 59 168 563 1 0 17 16 1489 0 59 8 1 50 347 753 1681 765 1000 1621 344 287 165 1656 291 157 236 1252 461 423 0 0
0 0 0 61 389 251 3574 255 26 1048 24 35 2 146 0 1713 0 274 1813 461 1287 1070 516 40 2 2 246 7 1 0 2 17653 12756 0 0 91 94 0 0 0 0 0 51 514 34 52 127 0 0 8360 165 567 2 2 9 1078 356 282 155 486 314 166 68 320 37 0 14 0 527 206 176 1 1 0 11 95 1367 306 0 84 18 7 362 105 230 1647 430 425 159 84 413 255 662 586 379 537 493 561 1 36
0 0 0 499 122 72 93 73 186 719 642 448 363 812 9 1759 10 4 880 4250 1738 188 224 157 0 7 23 142 1944 1828 7585 24133 0 0 198 173 0 0 11 306 0 104 136 406 0 107 21 0 28 8399 179 1000 273 0 0 1762 161 213 513 287 318 385 229 141 5 0 3 0 270 22 152 271 2 5 37 32 9 1662 97 145 4 152 0 0 10 329 940 166 129 289 707 133 742 437 16 21 13 29 355 41
0 0 0 522 1123 207 35 72 57 205 96 186 455 634 1884 371 220 57 430 192 1593 209 102 108 0 0 0 3857 1896 109 28958 290 0 2 228 0 0 0 0 0 99 89 387 47 0 0 2128 2271 2697 6179 174 127 1001 661 950 3608 575 875 868 456 814 360 0 81 1 0 1 14 430 22 29 183 54 0 69 11 0 1464 59 83 1 139 0 0 0 130 822 108 289 164 343 476 276 127 0 0 0 0 567 91
0 75 456 11 0 7 37 15 42 21 0 15 228 317 1983 27 3 55 321 605 532 2403 105 71 5 115 1010 4158 513 25380 6041 648 634 261 12 0 0 0 0 0 11 9 510 20 380 4516 1208 28 118 6476 2959 5068 2582 4495 4087 4388 853 1043 538 66 231 128 35 84 0 0 0 5 93 405 0 3 224 14 290 81 0 1091 344 45 169 409 0 0 0 0 1 1226 38 311 74 39 0 195 626 1 27 125 6 141
0 286 4 0 0 14 19 17 63 52 77 141 1410 544 2438 62 115 183 126 51 97 481 841 23 724 911 21 2994 25231 13086 78 23 533 686 128 23 1 0 0 0 16 62 240 36 718 3439 138 175 566 4793 395 2211 1482 1996 943 1354 264 196 35 98 239 116 0 87 0 0 0 0 3 304 208 318 432 524 156 59 0 20 1591 172 298 78 83 0 3 0 0 743 63 58 216 4 0 279 7188 9 151 7 0 459
0 277 17 0 0 1 0 23 0 50 102 17 314 91 1657 35 79 121 31 58 45 29 525 1816 429 0 0 2323 30057 65 63 175 558 2 637 130 142 0 0 0 24 229 0 0 3 2499 133 3 37 4230 86 1038 1668 1288 358 534 1255 528 297 47 53 220 35 357 21 3 79 3 0 1396 322 22 67 841 446 283 6 0 1541 386 22 2 19 170 115 65 98 474 168 149 73 187 0 0 675 228 0 5 0 0
83 207 35 0 0 0 3 41 27 59 0 180 65 577 1100 19 34 36 0 94 648 874 718 135 821 0 0 50 33753 89 104 160 192 0 2 565 9 0 0 0 103 91 0 0 2071 992 129 204 3 4958 247 373 1705 553 257 2035 2711 600 308 303 0 0 0 88 52 0 23 2 258 847 61 7 22 25 57 170 175 331 69 1876 21 44 30 119 124 10 0 236 39 51 560 69 0 62 620 282 243 222 169 162
0 147 0 11 69 63 28 0 90 10 0 69 156 767 1366 1509 896 857 816 848 744 86 6 0 46 1680 73 2 39097 612 1237 719 127 182 153 627 19 0 0 0 65 101 0 1015 2732 4 0 223 1331 9033 6804 7167 1811 543 34 342 1425 119 146 263 76 4 4 211 99 0 77 420 155 128 137 31 4 39 38 258 155 39 0 321 1612 11 25 104 95 8 0 250 3 8 21 643 935 279 10 328 120 18 8 6
155 32 0 22 1 0 0 1 10 22 0 270 0 905 74 0 0 0 4 20 30 26 0 0 0 30 1395 2689 37379 132 100 116 7 17 79 584 327 0 0 0 10 223 135 4676 7 74 203 449 984 2519 2825 2858 6939 1604 236 428 2396 203 143 26 124 111 40 60 79 158 666 171 0 247 0 69 15 11 5 80 0 0 0 0 1244 548 112 42 27 14 0 40 221 457 261 137 536 941 531 113 61 168 42 13
195 1 8 1 0 0 0 0 0 0 0 52 323 856 90 0 0 0 52 12 7 3 0 0 2 0 7 14609 41863 1122 388 67 54 2 6 514 136 133 14 169 331 6 5753 8839 0 97 270 342 36 3564 3525 579 351 1700 15 205 47 93 164 124 25 8 296 42 520 1020 155 105 33 439 262 54 2 18 25 53 19 0 0 0 9 1874 25 0 0 0 0 0 74 95 0 0 136 1397 707 570 474 119 161 258
197 0 4 0 0 0 0 0 0 1 14 0 477 871 113 0 0 2 61 0 0 0 0 0 8 3 37797 199673 43788 1478 51 151 11 0 1 638 590 29 316 137 0 1447 3310 2255 0 10 155 241 326 2955 1424 306 731 1347 2654 2318 1997 522 1437 397 498 249 7 1083 365 0 131 197 68 132 4 0 47 31 41 12 19 5 2 0 1 1596 674 0 0 0 0 88 117 0 14 17 817 438 13 667 865 225 90 102
13 19 21 23 0 0 0 0 0 1 98 350 227 912 54 56 9 62 339 0 0 0 0 0 3 4 171659 79918 42002 4224 4464 1171 0 0 0 101 651 105 654 5 1005 819 2 0 11 217 823 398 156 1137 2906 2539 615 296 410 430 591 3601 1054 28 97 65 270 503 260 511 520 536 481 996 494 521 201 70 0 0 0 0 1 5 4 825 1809 293 0 3 0 0 106 0 151 838 513 80 97 45 58 654 529 3
1 0 0 17 23 0 0 0 0 4 149 192 22 704 139 8 465 7 0 0 0 0 0 0 0 0 27493 69937 1095 940 357 1271 1808 1300 999 519 426 704 545 576 1614 264 448 471 599 737 287 0 6 351 1622 691 837 668 593 538 467 717 1275 418 333 189 384 1177 348 0 4 191 26 182 157 84 390 522 497 490 551 509 452 45 89 389 447 1952 8 5 422 828 780 802 602 5 5 120 200 20 4 2 97 283
23 9 5 2 67 1 0 0 0 11 0 292 0 1 820 15 511 41 31 0 0 0 0 0 0 1 21978 7536 48 2360 155 25 103 0 2 2 135 1060 1630 3073 491 190 0 118 0 120 440 560 262 844 877 1435 745 97 55 13 43 39 433 13 148 261 98 220 132 144 183 247 103 9 104 70 86 0 0 0 0 0 159 585 536 1016 851 1503 1090 833 348 98 25 0 15 0 117 37 38 0 0 0 0 0
9 0 9 12 5 16 0 0 0 15 0 249 0 0 786 0 45 20 9 0 0 0 0 0 0 42 892 2878 55 1618 17 13 117 10 2 1 0 0 5299 485 9 9 34 328 0 88 15 109 485 596 69 1900 183 119 97 5 53 2 273 772 198 62 248 159 0 0 71 11 19 12 136 43 19 1 0 0 0 0 0 0 0 670 115 377 149 26 1 14 165 17 27 0 1 7 60 14 11 0 0 0
19 0 0 31 59 87 0 0 0 13 28 176 0 0 742 288 21 0 13 4 0 0 0 0 23 13 2 0 95 449 63 28 100 4 3 0 0 167 6848 26 84 848 127 84 19 3 0 68 369 16 3 739 1124 98 90 200 34 0 0 10 75 246 225 0 6 3 149 10 5 0 66 51 0 1 0 0 0 0 0 0 0 808 9 0 2 9 11 11 132 44 3 5 3 14 13 31 0 0 6 0
24 46 0 31 0 7 50 48 120 26 0 151 0 0 746 0 0 0 0 7 0 0 0 0 11 44 0 19 78 538 1562 148 116 0 3 0 320 323 5404 30 34 118 38 204 34 0 0 37 1332 331 367 33 1499 152 21 0 0 4 25 494 47 38 186 113 135 255 92 0 4 0 65 9 0 7 0 0 0 0 0 0 46 1644 12 0 0 0 0 0 117 0 0 0 0 18 12 104 2 0 0 0
3 57 46 0 0 0 0 0 2 46 371 79 0 0 794 0 0 0 0 5 0 0 0 0 0 4 44 31 4 159 314 156 87 446 198 198 41 47 1428 253 153 0 103 118 74 23 0 284 308 320 19 616 526 1192 105 78 67 101 58 257 47 48 1 98 243 49 0 0 3 3 41 9 0 0 0 0 0 0 0 0 763 8 2 0 0 0 0 0 21 174 0 0 0 0 6 43 1 7 0 0
13 19 23 0 0 0 0 1 0 0 32 129 9 711 92 0 0 0 0 2 0 0 0 0 2 7 26 0 0 27 133 192 161 129 0 34 0 880 271 20 59 102 64 14 70 0 0 679 16 24 82 198 748 2080 222 0 0 0 6 187 23 8 5 5 17 97 0 0 0 2 13 61 0 0 0 0 0 0 0 0 671 0 5 0 3 4 4 166 15 93 0 0 0 0 14 33 23 6 0 0
