0 54 0 0 0 0 0 0 0 0 0 0 1 0 0 0 0 0 6 33 88 2 4 14 0 0 0 0 0 0 1 1 0 0 0 2 0 5 1 0 0 0 1 0 0 0 0 3 1 1 0 6 0 0 0 0 0 0 0 0 0 0 0 0 0 0 0 11 0 1 0 0 0 0 1 0 0 0 0 0 0 0 0 0 0 0 0 0 0 0 0 0 0 0 0 0 0 0 0 0
0 60 0 0 0 0 0 0 1 0 1 1 0 0 0 0 0 0 1 23 44 0 0 0 0 3 0 1 1 0 0 0 0 52 0 2 0 6 0 1 0 0 0 2 0 0 0 2 1 1 0 1 0 0 1 1 0 1 0 0 0 5 0 0 0 0 4 0 1 3 0 1 0 0 1 0 0 0 0 0 0 0 11 0 0 0 5 2 0 1 0 0 0 0 0 0 0 0 0 0
0 30 7 0 0 0 0 0 0 0 0 0 1 0 1 7 1 3 0 3 41 0 0 1 0 10 44 5 0 0 0 0 0 0 0 0 1 2 0 0 0 0 0 0 0 0 0 3 0 0 1 0 0 0 1 0 0 0 0 0 0 1 1 0 0 5 7 1 0 2 0 1 0 1 4 0 0 0 0 0 4 0 0 0 0 0 0 0 0 0 0 0 0 0 0 0 0 0 0 0
1 0 40 0 0 0 0 0 0 0 0 0 0 0 2 1 48 7 0 0 33 6 1 1 4 28 7 86 12 1 0 1 1 0 0 0 3 7 0 0 0 0 0 0 0 0 2 7 14 0 0 1 1 2 0 0 0 0 0 0 3 0 0 0 0 9 0 0 0 1 0 0 0 0 0 0 1 0 1 0 0 0 0 0 0 0 0 0 0 0 0 0 0 0 0 0 0 0 0 0
0 0 168 0 2 7 0 0 0 0 2 0 0 0 0 0 10 1 2 0 32 909 2 0 109 0 980 2 3 1 0 0 1 0 1 0 0 3 0 0 0 0 0 1 0 4 1 77 0 0 0 0 0 0 0 3 0 0 0 0 5 0 0 7 4 0 0 0 0 0 0 0 0 0 0 0 0 0 0 0 0 0 0 0 0 0 0 0 0 0 0 0 0 0 0 0 0 0 0 0
17 0 381 1 0 3 0 0 0 2 0 0 0 0 0 1 1 0 1 4 215 32 372 4 118 13 4 34 201 0 0 0 0 2 0 13 0 4 0 0 0 0 0 0 0 2 4 3 0 0 0 0 0 0 0 0 0 0 0 0 1 3 6 3 0 0 0 0 0 1 0 0 0 0 2 0 9 0 0 0 0 0 0 0 0 0 0 0 0 0 0 0 0 0 0 0 0 0 0 0
71 79 101 5 4 4 0 1 2 0 0 0 0 0 0 0 7 2 69 1 12 34 5 21 6 8 18 10 0 0 0 0 1 0 0 1 0 13 0 0 0 257 0 0 0 5 1 2 5 1 1 0 0 0 0 0 0 0 0 0 9 8 1 0 0 0 3 0 0 0 0 1 0 0 0 0 0 2 0 0 0 0 0 0 0 0 17 0 0 0 0 0 0 0 0 0 0 0 0 0
126 611 118 2 0 17 0 0 0 0 0 0 0 0 0 3 1 3 7 0 94 51 1 0 730 0 64 1 0 0 0 1 0 0 0 0 0 5 0 0 0 0 0 0 0 2 1 2 10 0 0 0 1 0 0 1 0 1 0 0 7 0 0 0 0 0 2 0 0 1 0 0 1 0 0 0 0 2 0 0 0 0 0 0 0 0 0 0 0 0 0 0 0 0 0 0 0 0 0 0
12 1 87 1 0 1 0 0 0 1 0 1 0 2 0 25 0 0 1 2 32 34 0 6 3 29 93 5 7 46 15 0 0 0 0 2 1 8 0 1 3 1 2 0 8 1 7 0 0 0 0 0 0 0 0 1 0 0 0 1 0 1 0 0 0 1 0 0 0 0 0 0 0 0 0 0 0 2 0 0 0 0 0 1 0 0 0 0 0 0 0 0 0 0 0 0 0 0 0 2
8 0 75 2 0 0 0 0 0 1 0 0 2 0 2 2 0 4 42 2 7 41 30 19 1012 20 305 0 3 1 0 9 2 0 1 3 1 8 0 0 0 4 1 1 13 28 16 0 15 0 0 0 0 0 0 0 0 0 0 6 0 0 0 0 1 0 0 0 9 0 0 0 0 0 0 0 1 0 0 0 0 0 0 0 0 0 0 0 0 0 0 0 0 0 3 0 0 0 0 0
1 0 68 2 0 0 13 0 0 1 0 1 18 1 1 0 56 199 12 3 842 245 32 2 3 0 3 0 6 1 1 0 0 0 0 0 1 7 1 0 1 1 9 3 2 81 344 13 22 0 0 0 0 1 0 0 0 0 0 4 0 0 0 0 0 0 0 0 1 0 0 0 0 1 1 0 2 0 2 0 0 0 0 0 0 0 0 0 0 0 0 0 0 0 1 0 0 0 0 0
1 63 72 4 9 0 0 0 0 0 0 0 20 15 40 2 379 17 100 18 601 1479 0 2 48 10 1 0 38 0 2 0 0 1 1 1 0 5 1 0 2 0 0 52 5 33 23 35 80 4 0 2 9 0 2 1 3 1 7 0 1 0 0 0 0 0 0 0 0 1 0 0 0 0 1 0 0 0 1 1 0 0 0 0 0 0 0 0 0 0 0 0 0 0 0 0 0 0 0 0
3 2 62 3 0 2 1 2 0 0 1 0 0 2 4 0 0 1 8 0 5 70 12 62 208 2 1 9 0 0 1 50 1 2 0 1 0 3 0 0 0 0 0 3 0 34 70 31 4 3 2 4 2 3 0 0 0 0 5 3 1 100 0 0 12 2 0 1 0 0 0 0 0 0 0 0 0 0 5 0 0 0 3 0 0 0 0 0 0 0 0 0 0 0 0 0 0 1 0 0
1 0 51 5 1 1 8 1 1 0 0 1 0 1 1 0 452 111 950 3 26 73 3 2 18 65 30 571 200 24 22 2 1 0 0 0 1 2 3 0 0 0 0 7 59 25 25 47 6 0 1 4 1 0 1 0 0 7 8 2 0 0 1 0 3 0 0 0 1 0 0 0 1 0 1 0 0 0 2 3 0 0 0 0 0 0 0 0 0 0 0 0 0 0 0 0 0 0 0 0
0 13 158 63 10 5 69 6 6 0 0 1 0 2 0 1 6 891 122 3 8 61 783 2 5 2 224 16 19 4 5 0 1 0 0 1 0 1 5 0 9 0 3 0 16 23 4 4 7 0 0 1 0 0 1 0 0 10 0 0 1 1 0 0 3 0 0 0 0 0 0 0 0 0 0 0 0 3 0 1 0 0 0 0 0 0 0 0 0 0 1 0 0 1 0 0 0 0 0 0
0 22 265 5 0 0 3 65 15 2 0 4 1 0 1 3 1 2 631 1565 59 176 988 40 22 21 7 7 47 20 6 2 2 29 0 2 1 0 3 0 0 4 0 0 2 46 20 20 3 3 1 1 0 0 0 0 7 1 0 0 0 0 0 0 1 0 0 0 0 0 3 0 0 0 0 0 0 0 0 7 101 0 1 0 0 3 0 0 0 0 0 0 0 0 0 0 0 0 0 0
3 0 619 33 0 2 2 24 2 1 1 52 2 0 0 0 1 16 16 4 22 74 2 488 17 26 0 2327 58 35 119 7 79 2 6 0 0 1 4 4 1 3 0 1 0 9 4 10 2 18 3 0 1 0 6 7 1 0 1 0 0 0 0 0 0 0 0 0 1 0 0 0 0 0 0 0 0 0 0 0 0 0 0 0 0 0 0 0 0 0 0 0 0 0 0 0 0 0 0 0
17 0 265 13 0 2 0 9 0 3 14 16 8 3 19 0 131 10 14 27 3 100 4 174 36 340 0 40 933 4 14 9 8 33 2 0 0 0 30 4 12 2 32 76 0 5 3 13 11 23 17 0 0 12 4 0 0 0 0 0 0 0 2 0 0 0 0 0 0 0 0 0 0 0 0 0 57 1 2 0 0 0 0 0 0 0 0 0 0 0 0 0 0 0 0 0 0 0 0 0
37 5 406 1100 8 1112 45 794 198 358 99 16 8 12 8 0 1 345 333 84 150 75 0 9 155 4 150 1376 100 1077 632 0 18 587 1 0 0 1 4 34 8 3 0 9 3 25 7 9 0 7 52 2 13 10 2 0 1 0 0 0 1 4 0 1 0 0 0 0 0 1 0 0 1 0 0 0 1 0 0 0 0 0 5 0 0 1 0 0 0 0 0 0 0 0 0 0 0 0 0 3
51 12 100 190 3 30 3 1154 16 377 12 1 5 22 1 0 43 90 262 19 278 62 196 235 389 68 4 207 5 1 17 222 261 114 0 73 3 2 1 5 0 47 0 44 0 8 0 27 5 14 18 20 0 3 1 1 3 4 0 1 0 4 1 2 0 0 3 1 1 0 0 0 0 0 0 0 0 0 0 0 0 0 0 1 0 0 0 0 0 0 0 0 0 0 0 0 0 0 0 0
48 711 1051 341 38 218 0 32 6 12 25 1 111 0 0 56 44 40 175 87 602 144 410 22 26 21 10 177 646 13 25 151 143 79 1 7 5 1 0 52 1 5 2 13 4 17 4 15 1 0 69 20 2 7 0 2 0 0 0 0 0 0 0 1 0 1 0 1 0 0 0 0 0 0 0 0 0 0 0 0 0 0 0 0 0 0 0 0 0 0 0 0 0 0 0 0 0 0 0 1
1331 37438 881 193 144 235 558 41 75 493 32 427 79 1 64 0 3 0 65 10 24 126 613 143 6 0 17 233 7 169 1280 114 2465 40 57 53 9 5 0 0 3 1 2 1 1 26 1246 11 57 12 7 7 3 0 0 2 0 0 0 0 71 0 10 3 0 65 2 0 0 0 0 0 1 1 1 0 1 0 0 0 0 0 0 0 0 0 0 0 0 0 0 1 0 0 0 0 2 0 0 1
9 72 139 0 74 2 430 1179 43 70 7 106 362 50 765 4 0 57 18 5 1240 165 696 9 0 1003 1289 138 10 6 6 67 87 514 0 473 58 0 2 48 73 5 7 37 13 161 529 0 2 4 6 3 0 2 1 1 0 1 0 1 0 1 0 0 0 0 0 1 0 0 1 47 1 0 0 0 0 0 0 0 0 0 0 0 0 0 0 0 0 0 0 0 0 0 0 0 0 0 0 1
294 14 326 10 1038 1216 2 41 0 4104 37 39 43 830 15 7 96 26 18 1233 46 358 40 86 2496 397 28 91 40 19 223 61 1814 1276 2 32 3 0 4 8 1503 533 17 16 302 1125 896 14 0 14 0 4 1 1 0 0 1 0 0 8 1 31 0 6 0 0 0 0 0 9 2 0 0 0 0 0 0 4 0 1 0 0 0 2 1 1 0 0 0 0 0 0 0 0 0 0 0 0 0 1
208 0 160 428 240 192 53 96 11 110 18 46 76 47 4 2 2 4 43 9 68 313 69 1 1 22 2208 47 240 837 14 53 364 1 0 7 5 1 433 1158 21 889 1713 223 24 73 137 19 16 17 105 4 3 4 194 0 5 6 0 0 3 0 2 1 0 0 0 0 0 0 2 0 0 0 0 0 0 0 0 0 1 0 0 0 0 0 0 0 0 0 0 0 0 0 0 0 0 0 0 0
0 52 3432 177 245 151 4 21 10 49 152 1161 0 42 8 50 5 6 30 1 463 373 15 5 2 52 142 146 82 4 793 2300 119 26 37 10 10 2 31 28 214 55 1134 1314 1 72 4 8 1781 206 81 2 5 4 0 1 1 0 0 0 6 283 1 1 0 1 0 0 1 0 248 20 1 4 0 0 0 1 1 0 1 0 0 0 0 0 0 0 0 0 0 0 0 0 0 0 0 0 2 0
12 139 950 86 3934 155 17 434 1885 615 1270 1286 5 44 0 12 101 0 14 35 0 287 1 752 261 234 34 42 15 91 251 1 83 59 266 6 3 0 3566 9 61 171 37 7 14 591 14 35 14 3 25 33 777 9 0 0 0 0 0 0 1 0 2 0 0 0 0 1 0 0 0 0 0 0 1 0 1 2 0 0 0 0 0 1 0 0 0 0 0 0 0 0 0 0 1 0 0 0 2 0
2 38 90 114 1176 556 54 1510 1466 6 61 2875 28 138 0 9 76 3 842 79 1794 196 2 15 870 233 32 337 769 42 826 489 632 481 27 2 0 92 44 76 993 1077 19 11 14 45 23 86 0 8 1 6 0 533 0 1 0 0 0 1 0 2 2 0 1 0 0 0 1 0 1 0 0 0 0 0 0 0 0 0 0 0 0 0 0 0 0 0 0 0 6 0 0 0 0 0 0 2 0 0
375 0 92 71 1832 1249 11 752 2 36 1230 5 7 49 3 80 424 68 400 25 1 429 295 4214 851 54 24 411 111 18 78 20 47 306 6 223 31 350 251 56 2304 1273 32 153 1531 73 2602 54 16 0 2 4 0 97 0 2 0 0 1 0 1 1 2 59 0 0 0 1 0 1 0 0 0 0 0 0 0 0 0 0 0 0 1 0 0 0 0 0 0 2 0 0 0 0 0 0 1 2 0 0
345 93 1047 146 271 1627 372 27520 55 4792 84 19 18 1179 1 11 10 13 29 1594 695 423 57 73 14 191 1135 3750 140 152 32 21 15 75 1177 17 91 76 83 426 3159 58 4 843 49 78 209 28 1 1 1 281 0 6 0 3 3 1 1 0 2 1 0 0 0 1 0 0 0 0 0 0 0 3 0 0 0 0 0 0 1 0 0 0 0 0 0 0 0 0 0 0 0 0 0 3 0 0 0 0
151 29 9 207 681 165 218 1292 24 174 1232 61 5 136 0 50 408 1079 12 117 26 2717 429 325 36 1217 92 131 70 1699 25 17 12 898 1459 53 14 8 371 1004 37 138 123 122 7 7 23 2237 12 42 5 612 4 35 188 5 288 0 0 0 28 5 0 0 0 1 2 0 28 0 0 1 0 0 0 0 0 0 0 0 0 0 0 0 0 0 0 0 0 0 0 0 0 0 0 0 0 0 0 0
419 818 1 3 339 95 589 548 1159 1674 1162 1109 1 143 0 11 12 10 5 56 29 516 32 19 158 2813 17 318 335 117 2929 1194 175 4012 139 61 12 38 469 3360 21 984 37 26 491 18 62 65 582 13 16 39 1 19 2 225 75 373 0 0 71 0 1 0 0 2 3 0 2 0 0 0 0 0 0 2 0 0 0 0 0 0 0 0 0 0 0 0 0 0 0 0 0 0 0 1 0 0 0 0
36 35 1 2 46 14 504 6101 78 119 16 23 6 50 22 9 60 59 288 68 50 500 152 86 1750 17 194 3650 2899 16 36 763 619 1627 55 5124 1412 1787 574 59 21 602 84 4 3 99 83 4 13 0 2 25 0 73 335 0 13 503 2 974 1 0 1 0 0 0 0 0 0 0 1 1 0 0 0 0 0 0 0 0 0 0 0 0 0 0 0 0 0 0 4 1 0 2 1 1 0 0 0 0
215 34 19 1 63 290 193 538 18 484 61 212 41 20 349 45 51 290 77 121 418 1153 5 2104 1174 31 162 99 108 592 23 80 263 838 728 3017 1814 1460 312 10 66 828 8 300 8 2 25 548 12 12 1078 6 187 18 2 2 17 40 3 3 2 0 0 0 0 0 0 0 1 0 0 0 0 0 0 4 0 0 0 0 0 0 0 0 0 0 0 0 0 0 0 0 0 2 0 0 0 0 0 0
2541 654 484 120 827 2421 147 204 2977 2342 275 8 801 301 783 1 811 1 11 8 5 1308 206 347 496 140 361 1165 1114 193 231 738 1283 2762 18 4 39 49 286 463 2564 1938 21 16 395 2 40 12 482 0 4 203 44 26 33 1172 6 108 49 0 64 4 0 0 1 0 1 0 0 0 0 0 0 1 0 0 0 1 0 0 0 0 0 0 0 13 0 0 0 0 0 0 2 0 0 0 0 1 0 0
11 0 210 671 35878 495 289 169 752 390 39 215 50 14 23 3 13 9 349 1 506 7677 6583 2999 41 2826 1881 304 21 967 1154 644 44 8 498 8 40 171 100 1 453 17 0 13 11 181 842 9 0 8 42 827 1227 2 386 11 9 108 150 7 7 117 2 3 4 2 2 0 2 1 1 1 0 1 3 5 0 0 0 0 0 1 0 0 1 0 0 0 2 1 0 0 0 0 0 0 0 0 0 0
276 248 691 837 1558 3136 1304 1893 2244 5380 2416 94 4 9 377 15 28 224 120 50 425 4603 11344 3429 1743 51452 897 1338 1788 1049 3298 3966 25 28 50 41 109 1107 2017 1036 158 0 1 97 45 35 3306 29 102 1058 10 16 13 2 1 4 13 131 5 16 1 0 2 0 2 0 7 0 0 0 65 2 0 1 1 1 0 0 0 0 0 0 0 0 280 1 1 4 0 0 0 0 4 2 3 2 1 4 0 0
47 3 4 69 1368 620 2293 3409 5620 5469 1347 14 251 36 1868 117 22 1 21 34 1667 10042 17534 603 1032 61 197 861 476 2767 1406 71 3834 4804 83 69 1619 560 174 25 38 0 135 69 95 98 28 2 2 1 1 563 3 1082 416 330 65 181 3 1 1 0 0 1 73 0 2 0 2 0 2 0 0 0 0 0 0 0 0 0 0 0 0 0 1 0 0 0 0 0 3 1 0 0 0 0 0 0 8 2
1 0 1197 5069 306 445 162 341 5170 9061 1537 2627 778 104 1729 91 18 4 49 43 717 6313 14629 4921 4478 13 90 48 45 181 298 10 1625 3186 80 286 2209 1290 1324 313 194 27 31 26 47 14 19 6 7 0 10 23 12 1045 3 70 57 40 866 8 1 0 0 0 3 1 0 3 0 0 0 0 2 0 0 0 0 0 0 2 0 0 0 0 0 0 3 0 0 0 4 0 0 0 0 0 0 0 0 0
2 8 5 318 501 287 285 1308 2082 4182 359 1073 388 1085 49 7 14 4 50 333 303 3595 11075 166 374 3929 120 46 811 1538 115 16 863 100 143 516 232 716 1563 111 15 658 1961 14 15 57 312 6 6 50 8 29 885 874 5 95 207 112 14 4 2 2 1 0 6 5 5 5 0 5 0 0 1 1 2 0 0 0 1 0 0 0 0 0 0 0 0 0 0 2 1 0 1 0 0 0 0 0 0 0
6 4 428 127 288 1136 539 552 201 7227 1165 1911 636 1086 410 5 9 243 170 3214 436 9684 8134 2755 61 578 1106 56 1499 513 1855 81 632 47 101 10984 7737 255 1297 7 220 55 232 67 63 296 23 24 35 239 50 33 842 18 19 873 3 3 0 0 1 2 0 2 2 57 93 69 1 8 0 0 1 0 0 2 0 0 0 0 0 0 0 0 2 0 0 0 1 1 1 0 1 0 0 0 0 0 0 0
1 4 219 71 560 62 112 184 8 1169 1460 2122 111 604 3229 196 4 35 94 23 1450 1195 4636 278 1674 897 58 300 4113 10986 287 41 1080 412 58 7966 5079 206 732 60 147 329 29 2 5 2085 43 260 10 7 1 28 250 134 855 14 2 0 0 4 0 5 5 1 9 219 103 187 7366 2 9 1 0 0 0 0 0 2 0 0 0 2 0 0 3 0 0 3 3 1 0 0 0 0 0 0 0 0 0 0
10 11 333 37 10 427 414 9661 179 145 978 865 480 1467 383 1380 1492 547 334 36 223 3522 1503 49 2296 1653 306 332 309 4662 2078 127 350 468 773 1207 2593 325 286 0 31 199 52 833 33 165 60 175 910 862 25 553 693 196 9 1 3 9 223 96 2 8 0 33 12 215 1 12 0 0 0 0 0 3 0 0 0 0 0 0 0 5 0 0 4 3 0 0 0 0 0 1 0 0 0 0 0 0 0 0
998 1809 758 3 50 1432 31 343 17 1009 937 2026 61 3 729 4 151 937 1856 2507 387 2873 6128 830 898 985 112 2532 4044 1144 34 167 426 901 2375 664 1151 684 55 956 9 280 46 875 29 469 230 229 92 61 197 1346 1855 4 659 38 3 25 478 377 2 6 0 6 17 1 0 0 0 0 0 0 2 0 0 0 1 0 0 2 8 2 0 0 0 0 0 0 0 0 0 0 1 0 1 0 0 0 0 0
1 73 314 1 24 207 705 119 1015 1390 177 897 1752 7 3751 2 4 89 2888 2412 1827 6028 6250 245 340 23 3399 5093 7058 1720 175 1396 1756 867 2644 561 204 22 883 70 31 1281 292 2 10 398 176 55 1 10 83 1072 233 16 296 203 335 9 4 397 980 1224 148 23 0 9 47 1 6 5 6 4 9 7 5 4 7 4 2 0 0 0 0 1 0 0 0 0 0 0 260 5 0 1 0 0 0 0 0 0
228 270 983 42 25 50 1182 138 130 1171 85 67 6835 631 889 1 7 89 689 1522 645 3520 7444 4822 6303 226 2381 3650 789 622 2598 10178 7897 3300 2249 273 94 78 68 1222 18 692 1944 101 824 1901 178 716 2 51 32 173 10 10 1201 317 26 382 122 101 184 53 4 2 47 20 19 5 0 0 1 0 0 0 0 0 0 0 0 0 0 0 0 0 0 0 0 0 0 0 6 0 0 2 0 0 0 0 0 0
1 4 5 9 36 0 972 913 966 1345 1651 2615 2454 990 149 11 4 211 640 501 326 1389 6952 1033 11836 6478 6891 16900 13297 12147 3095 9014 7172 5337 1732 40 1459 810 4910 567 1348 804 524 121 21 13 99 346 6 12 45 548 25 47 1686 745 953 27 32 1021 59 12 17 11 26 14 10 0 0 0 0 0 0 0 0 0 2 1 1 0 0 1 0 0 0 1 0 0 11 3 0 0 0 0 2 0 0 0 0 0
3 3 233 2056 963 197 792 2851 2589 917 8471 4158 4823 2958 2536 4 2 77 249 2940 1214 624 4809 719 5376 7845 15857 7126 12046 79046 4180 1692 2052 4546 560 17 420 878 3396 8 252 350 40 1407 85 44 57 40 2746 0 5 531 118 224 356 188 97 102 1589 540 893 0 0 4 1 1 444 1 1 1 2 1 1 0 0 0 0 0 0 0 1 0 0 1 0 0 0 0 0 0 0 0 1 0 0 0 0 0 1 0
34 237 1488 27 2770 479 126 520 375 127 1605 733 52 5549 213 9 53 1005 3226 2402 1801 1890 3930 3149 12923 2689 18182 732 3207 3862 1163 188 1553 2344 1691 126 643 309 57 30 139 411 156 1003 491 2 52 96 5 25 119 521 1170 678 60 118 114 3184 473 2375 264 1 0 0 1 1 1 0 0 0 0 3 0 0 0 0 0 0 0 0 0 0 1 3 1 0 0 0 12 0 0 0 0 0 0 0 0 0 0 0
1 2 0 72 759 291 427 771 479 55 27 206 113 6668 598 20 89 332 3360 1204 1509 1483 9741 303 1280 1005 9857 854 618 30782 6103 1908 1249 2530 1842 1994 725 491 287 265 252 324 215 364 1130 3256 71 796 51 40 97 445 9 2 62 2 937 1655 223 3195 159 55 0 1 33 2 2 0 0 0 1 0 0 0 0 0 0 0 0 0 0 0 0 0 0 0 0 0 1 0 0 0 0 0 0 0 0 0 0 0
1 18 1 2 29 358 7 2275 276 28 300 203 5263 3705 14 884 233 336 6699 10168 4494 2707 7827 5124 10176 24762 16576 3192 7109 13183 6300 2711 1187 288 401 349 343 15 1543 278 1136 1575 42875 2192 1120 1535 886 107 30 251 902 302 6 0 277 61 46 27 91 1 35 0 1 1 10 3 0 0 0 0 1 0 1 1 0 1 0 0 0 0 0 0 0 2 0 0 0 0 0 0 0 1 0 0 3 0 0 0 0 0
4 1 1 1 3 203 5272 7275 362 23 39 473 366 8186 2991 1711 1911 616 11859 8197 4654 1567 4566 10897 21676 28817 68068 24290 7814 10601 4270 6742 1877 1869 342 345 451 81 556 667 220 86 271 398 57 760 624 105 215 252 416 143 16 550 14 2 7 5 2 71 71 1 0 0 3 3 0 0 0 0 5 0 1 0 0 2 2 0 0 1 0 0 0 0 0 0 0 0 0 0 0 0 0 0 0 0 0 0 0 0
3 0 0 2 0 9 159 552 176 1213 85 64 2013 2146 3921 13089 2225 11798 12268 3950 13867 20435 25277 26611 66123 62535 12891 29750 17723 11786 7415 4351 1386 1672 1963 677 424 1813 387 3224 1438 88 161 2724 1623 942 1678 243 50 386 129 288 170 29 5 292 6 646 3 2 0 1 0 0 4 3 0 1 0 1 1 0 3 0 2 0 1 2 0 1 0 0 0 0 0 0 1 0 4 0 0 0 0 0 0 0 0 0 0 0
0 0 1 2 6 2 7 911 1202 2054 379 552 705 30 1478 4412 13757 24994 13527 15509 12351 11202 14140 14812 28154 67558 49147 65287 50215 24725 8068 4715 6571 6055 1349 1534 320 830 593 284 1534 253 36 553 37 717 2375 958 745 380 178 137 87 1632 135 973 10 9 2 0 3 1 0 0 4 1 1 0 1 0 1 1 9 3 0 0 1 0 0 0 0 0 1 0 0 0 0 1 0 0 0 0 0 0 0 0 0 0 3 0
10 4 0 2 0 10 19 0 14 4 505 265 24 165 452 24847 3350 9720 12663 19795 32734 15415 24007 41362 22112 25267 38991 62164 58444 15991 15884 10027 6116 16206 3034 754 2295 2164 623 1672 656 540 209 1421 444 2054 545 650 144 6 217 25 314 17 227 22 4 6 8 19 2 3 1 2 1 0 0 0 0 0 0 0 0 0 101 1 1 0 0 0 0 0 0 0 0 0 0 0 0 0 0 0 0 0 1 0 0 0 0 0
29 4 61 76 43 662 89 21 7 24 2897 3252 19 218 1749 1827 13789 3585 16569 5955 18144 13038 18448 36889 32722 24469 30568 37757 23487 32776 44864 20873 12975 12186 1903 1083 630 668 463 102 6020 1131 577 2206 937 1503 29 31 30 21 83 222 29 176 3 17 10 125 5 9 0 0 1 3 2 0 0 0 0 0 1 1 5 3 8 5 0 0 0 0 0 0 1 0 0 0 0 0 0 0 0 0 0 0 1 0 1 0 0 0
0 99 64 31 12 35 221 10 17 10 619 53 3 249 58 2099 1442 3707 8922 31872 49505 27638 34258 47303 48566 43458 11507 23563 31416 47768 80256 25768 15001 3120 763 270 155 572 51 1109 760 3007 3591 5001 4643 826 603 129 41 86 290 23 2 2 1 1 2 43 0 13 6 3 0 6 124 48 1 1 2 0 6 5 1 3 1 0 0 1 1 1 0 0 1 0 0 0 0 0 0 6 0 0 0 0 0 0 0 0 1 0
2 113 0 0 1 47 1927 3373 328 344 606 1389 657 2257 1463 5657 9718 13647 12397 22098 46932 55086 65732 74120 56165 60269 36333 49291 33714 21878 38553 13250 8695 1868 6776 261 187 465 30 4064 641 1758 5955 7020 5950 4442 230 16 47 144 208 13 7 0 2 0 1 2 0 0 2 1 4 3 78 89 6 1 0 60 1 1 0 1 0 0 0 0 5 1 0 0 1 0 0 0 0 0 0 0 0 0 1 0 0 0 0 1 0 0
1 77 21 0 3 21 14 475 24 123 32 704 50 1582 11435 12408 6914 59468 27160 16366 64170 81553 53909 61205 64734 37680 24438 83534 75316 43383 64637 37180 14384 4694 1773 1645 150 5612 1732 1824 114 2078 7697 4939 4778 2353 84 35 1932 151 1317 0 13 5 4 1 24 0 0 28 4 81 1 5 4 3 1 25 1 1 0 3 4 0 1 1 0 2 1 0 0 0 0 0 0 0 0 0 0 0 1 1 12 0 0 0 0 0 0 0
2 30 32 0 0 40 2316 1424 41 223 272 2721 6989 10127 16581 14563 15498 27175 24048 26923 53360 56447 39353 65775 58080 48520 33272 77170 123638 47044 83001 58554 23736 13155 9253 2604 5135 7138 2989 3028 5884 8972 4336 8421 5216 322 410 118 1253 39 81 2 30 15 2 3 1 4 2 13 1 3 15 7 0 0 0 0 2 0 0 0 5 2 5 1 0 3 1 0 2 0 0 0 0 0 0 0 0 0 0 1 0 0 0 0 0 0 2 0
2 3 1 0 1 1 1377 1242 168 86 304 732 10833 10037 3795 548 31817 9516 9567 23908 33085 16425 63506 72035 56778 8152 17720 64157 53027 29793 77782 54372 39878 27745 24444 14496 16529 19154 14247 11150 3520 3548 3193 7547 1685 2774 292 2449 1122 33 10700 0 3 2 3 5 0 0 0 3 0 25 5 4 2 0 0 0 4 1 0 1 2 1 37 0 2 0 0 0 0 0 0 0 0 0 0 0 0 1 0 12 0 0 0 0 0 0 0 0
0 4 1 0 47 16 22 454 542 597 2335 4257 6431 5739 1280 1354 7248 21984 31212 25782 34536 26916 34648 74341 29507 16025 27807 45461 82196 64632 74903 40747 32736 21223 22262 7420 11742 6083 13142 2140 4635 921 8965 6284 714 2091 329 181 451 39 4207 9 116 13 0 2 0 0 0 0 3 2 4 0 0 0 0 7 1 1 0 0 0 2 1 0 1 0 1 0 0 1 1 0 0 0 0 0 0 0 0 0 2 0 0 0 0 0 0 0
0 0 51 1016 1555 1209 3535 4138 829 1865 7373 7803 15030 2834 725 3147 9475 11379 21223 17781 30625 38144 32838 52958 39167 9091 20319 26823 43258 52159 61289 39736 21370 11798 7367 5783 568 1082 18617 1140 901 1475 4934 1798 1402 4756 559 921 232 565 881 6 11 5 0 0 3 2 2 0 2 0 4 0 0 0 0 1 3 1 3 13 4 1 0 22 1 0 1 0 1 0 0 2 0 0 1 1 1 0 0 0 0 0 0 0 0 0 0 0
2 1 0 1 1036 6211 5288 3373 2938 1714 1193 2372 2990 2889 336 377 1546 2556 8869 14632 28422 40521 39737 92680 27977 25464 48631 65555 92870 71866 52662 28029 28924 16615 3980 6148 1254 979 899 98 78 10 9 2405 723 2740 3709 206 581 107 2118 37 23 33 91 89 2 1 20 3 3 2 7 0 1 15 14 0 190 0 4 4 2 5 0 2 0 1 0 1 2 0 0 0 3 0 0 0 0 1 0 0 0 0 0 0 0 0 0 0
1 2 1 0 0 3498 6250 492 1764 1342 1 4060 1018 7144 414 2178 3316 9861 22886 17405 28993 12611 16310 54064 56401 40248 40264 43408 48390 55802 56600 6787 7584 5015 3039 5306 2748 174 1345 1925 56 7 1109 432 81 315 79 986 1479 1384 3098 272 533 650 145 125 53 28 9 1 5 25 4 0 0 36 1 1 5 0 2 2 1 1 0 0 0 1 1 0 0 4 0 0 1 0 0 0 0 0 0 0 0 0 0 0 0 1 0 2
0 0 1 0 0 846 1869 1270 2241 328 6 8 378 403 2054 3122 1145 10697 17859 6737 27733 21730 18639 35542 46781 35981 36113 61771 41416 72733 77369 16521 15577 17280 867 1970 6351 296 906 5683 4 11 14 411 14 1014 32 169 534 333 43 23 47 944 46 3 1 28 481 72 71 12 3 0 1 61 1 0 2 0 3 245 3 57 14 7 3 1 2 0 0 0 0 1 0 2 0 0 0 0 0 0 1 0 0 0 0 1 3 4
1 1 1 1 13 2 640 5432 1441 978 6 6 33 544 426 125 946 658 22435 23780 28447 17996 24829 27313 73814 27472 44261 45440 43580 66592 28220 14400 43315 9274 3972 4732 1902 4708 436 136 56 1006 44 3911 17 78 31 17 42 36 8 22 79 72 3 2 1 3 1 199 3 61 118 244 9 3 2 0 1 0 0 2 0 18 4 0 15 4 1 0 0 0 0 1 1 0 0 1 0 0 0 0 180 0 9 0 1 4 1 0
10 9 3 9 10 1341 518 2716 10 90 5 5 4 1324 241 619 1648 7484 7429 8400 21762 62289 33779 32749 52275 40885 55509 49793 36379 19877 26181 32618 52611 20896 2045 9372 3844 2045 172 64 23 102 7 1015 140 3339 13 12 903 493 13 89 11 33 1 3 1 2 4 8 6 4 4 53 43 44 32 0 3 1 2 0 3 2 0 1 0 1 0 1 1 1 5 2 0 0 1 0 0 0 0 0 3 0 7 6 2 8 0 0
459 38 926 137 23 55 133 5 13 11 7 2 8 675 1380 1632 1211 6620 2875 8172 35839 31074 27557 23241 41896 39224 26101 32750 6180 13363 26525 41274 22958 11611 9799 17986 5444 1995 972 580 20 34 186 102 160 291 59 8 4 73 13 3 4 8 6 5 3 1 6 2 1 1 2 1 1 63 53 76 19 69 26 13 14 9 3 0 0 0 4 0 0 0 1 0 2 1 1 0 2 0 0 0 7 2 2 0 0 0 0 0
1 19 73 18 64 3084 69 2 3 3 4 1 21 3831 338 215 1334 150 984 8430 39092 25054 15303 36089 41786 28779 30214 51678 26156 16003 32977 30537 17627 8281 901 1358 61 2500 45 2087 626 661 1058 585 1782 2857 1742 105 90 61 40 24 16 4 290 2 10 8 1 13 0 7 2 0 11 0 8 8 71 147 285 29 2 2 2 1 0 0 1 0 0 0 1 6 0 0 0 2 1 7 1 2 3 0 0 0 0 0 0 0
1 18 45 15 19 53 73 4 2 2 0 2 679 1974 2848 990 441 69 1214 10708 6151 22401 24577 21328 20018 6767 30082 31213 9824 12267 36676 23163 22745 5851 90 18 27 511 41 35 22 89 22 60 1178 1584 209 29 122 1301 629 9 183 34 3 0 4 4 1 3 1 2 0 0 429 10 9 3 3 60 27 21 125 87 5 0 0 3 0 5 5 6 5 30 7 1 2 1 0 2 0 0 0 0 0 0 0 0 1 0
11 1230 28 6 10 37 1292 23 488 2 1 2 28 486 427 745 1298 875 7873 5630 5999 1713 12741 14464 23328 6359 19469 21844 1640 2279 43222 26120 15279 19208 3379 311 613 1382 3619 1270 69 29 86 79 2652 1221 180 19 844 4464 372 14 0 93 1 4 61 6 2 2 0 1 4 2 9 1 11 29 11 9 11 7 24 0 6 3 17 8 19 1 2 0 1 0 2 0 0 1 0 2 1 0 15 0 0 0 1 0 0 0
56 92 23 14 1 27 13 1632 457 32 1 3 10 2205 35 38 1214 2709 6180 39 4273 1917 10399 29119 7541 2789 12525 8589 1379 2170 15341 17170 39274 132802 4474 3237 1249 2034 2265 9 4 10 127 200 153 1572 2456 100 201 661 8 38 2 3 2 16 1 2 6 2 1 0 1 1 6 24 4 0 8 28 1 3 13 1 0 0 0 0 0 0 3 0 0 2 0 1 0 0 3 1 0 0 1 1 1 0 0 0 0 0
0 0 1 8 2 33 4 4 0 0 0 8 11 17496 25 29 61 1306 5389 805 5315 1831 9077 13649 2927 179 886 2623 750 2949 12129 7138 12316 6599 10900 470 925 83 76 26 9 621 76 2 975 2112 11 298 17 246 1 31 2 14 8 10 12 0 18 10 6 3 14 6 45 58 23 5 12 13 75 27 18 4 2 0 0 0 0 0 0 0 0 1 0 1 4 0 0 0 0 0 0 1 0 0 0 1 1 0
1 2 0 7 0 0 11 0 0 0 0 35 3 11047 98 24 42 3642 6263 6194 5054 26088 9741 11081 831 1041 3349 12607 31547 1900 3050 4729 10537 4859 6192 6996 6963 57 78 2 71 270 155 1 236 20 2 27 3 2244 3 26 620 4 91 3 2 2 1 7 0 3 5 3 19 1 65 3 120 15 9 63 22 3 3 2 0 0 3 0 1 1 1 0 0 0 0 4 1 0 0 1 0 0 0 0 0 0 0 0
2 0 8 4 0 0 9 0 1 0 132 52 290 1176 497 590 143 4736 3424 2482 14206 8629 21790 20502 5854 204 1808 8180 4379 922 1030 628 1543 2820 11106 427 4996 8982 428 1892 632 1734 414 1148 1922 9 27 389 81 336 59 15 74 6 76 66 3 3 2 1 2 6 10 1 13 0 13 3 3 30 15 19 0 0 1 1 1 1 1 2 0 0 0 0 0 2 0 0 2 5 4 0 0 0 0 0 0 0 0 0
0 1 20 171 13 2 7 14 5 3 39 3129 2398 1778 636 461 1222 1386 206 1313 7219 4972 11518 2910 553 17 1081 13524 4603 553 4282 3416 1632 888 3254 3689 212 5721 3263 496 263 10 125 572 1834 256 671 3047 2966 915 254 805 34 26 107 15 1 6 0 50 65 104 127 54 1 47 164 26 5 81 1 43 2 1 0 2 0 1 3 1 1 2 0 0 1 0 0 1 1 0 2 6 9 20 3 0 0 0 0 0
0 1 9 0 0 2 0 59 1898 43 699 530 236 3530 168 1336 3208 591 294 2888 5154 12134 2572 5090 187 11 1571 4316 207 562 1098 350 14 61 1513 3724 243 988 19387 3389 110 231 19 141 45 40 847 2123 1928 961 734 75 9 3 5 8 1 72 4 10 52 3 9 2 212 358 1083 76 5 261 17 76 59 0 0 7 39 0 0 0 0 1 2 2 1 0 0 0 0 0 1 3 0 1 2 4 0 1 0 0
0 0 6 0 0 0 0 84 2312 178 650 17 29 47 74 241 450 236 15 2361 1761 6924 6493 359 2224 1437 1271 8308 125 86 1204 494 157 331 627 6319 1449 332 12960 950 59 453 1067 231 7 8 745 116 19 1049 63 3 124 73 260 4 1 10 22 6 12 351 38 700 2050 603 544 1541 46 2 26 35 65 1 12 1 0 3 0 1 0 0 2 0 5 0 1 0 0 1 0 0 1 111 1 0 3 0 0 2
0 1 601 0 0 0 4 2515 56 1555 433 74 117 109 1590 677 981 166 1475 557 755 5143 5376 4191 5465 770 1263 9993 7890 430 61 261 86 207 15 1694 9839 20936 51930 35 5 294 580 1337 210 255 340 338 279 418 719 269 357 93 1729 15 1003 5 9 3 80 47 1 8 66 52 1150 18 2273 1366 6 394 27 17 0 0 0 0 0 0 0 0 0 0 0 0 0 1 1 1 0 1 1 0 2 1 0 3 0 0
26 2 14 1 1 2 52 332 37 40 1481 14 59 1 1497 455 432 557 177 3490 9520 4834 2178 2207 5197 106 2464 5984 6386 1646 114 249 20 62 368 917 18668 118710 54046 44 4 32 8 130 128 2 52 53 1 459 402 3 32 244 277 238 159 153 502 570 266 24 21 158 194 207 448 59 354 883 1213 938 39 5 13 0 2 0 0 0 0 0 0 42 0 0 0 0 0 0 1 3 1 0 0 2 0 0 5 1
3 0 5 0 0 4 101 125 1196 183 149 869 20 0 189 844 151 670 373 4355 5850 5446 7674 3333 3941 643 1606 5821 3965 1478 843 238 38 167 471 278 5457 1671 74424 3952 11 81 52 175 14 33 151 61 14 1753 56 38 24 2 238 54 1 81 407 166 1956 131 251 149 127 1555 685 95 279 778 145 464 159 1767 431 456 0 2 1 0 0 0 0 0 0 0 0 0 0 0 0 2 2 2 2 4 0 1 0 1
0 0 0 1 0 1 4 71 103 967 45 62 116 725 166 8726 53 234 499 9745 784 1257 2103 1814 405 1377 329 3272 604 911 1307 962 48 271 942 27 2055 265 1507 9 2 62 25 125 321 85 54 35 7 123 66 924 1021 529 10 670 140 1378 518 2 192 37 545 659 663 20 158 1 1631 2222 967 1089 2480 4133 260 2 7 0 0 1 0 0 1 0 1 0 0 0 2 1 1 1 0 0 0 1 20 1 0 0
0 1 0 23 0 1 29 1967 149 25 152 20 61 116 3436 73 182 6 186 1148 20 103 301 718 1203 9 53 639 144 33 16 1348 1329 3583 1171 860 1917 799 746 21 18 67 126 440 253 251 645 1 7 426 198 1702 232 4 3364 910 20 21 156 9 106 51 0 89 336 42 123 945 2617 1377 986 1619 85 218 9 2 6 3 0 1 0 0 0 1 0 0 1 0 0 3 0 2 0 0 1 1 16 0 0 2
0 2 0 0 0 3 11 477 45 267 113 1 7 102 92 15 176 8 916 592 17 1324 55 781 316 3485 592 2934 6772 1484 48 169 135 14 585 940 5374 267 1141 6 81 437 168 11061 482 515 497 97 162 1699 3059 60 1711 610 740 92 49 100 179 373 31 12 14 143 490 558 624 21 5 60 2634 806 140 3311 77 39 17 1 1 5 0 31 0 0 0 0 1 0 0 0 0 0 66 0 0 0 0 0 0 0
0 1 1 0 3 0 33 1176 25 45 24 2 18 109 1390 20 9 21 3326 175 200 1134 1898 2065 840 258 509 1016 119 1087 131 2234 197 25 316 234 3183 1425 597 27 101 179 3262 12473 3832 362 35 16 13 318 8 198 428 47 2191 11 3 0 37 61 360 53 5 19 143 206 160 1022 1055 6 3364 1521 4152 2858 938 432 6 1 15 1 5 0 2 0 2 0 0 1 0 1 1 4 1 0 0 0 0 2 0 0
0 0 4 0 0 0 1 1205 50 6 28 43 67 73 184 80 28517 3833 3368 35 24 70 40 37 13 27 155 1874 476 490 416 479 124 170 435 1905 672 4751 3578 1780 5545 4407 5411 5146 12255 1454 247 1188 1608 791 809 2 11 52 85 30 576 6 164 744 3 910 127 8 464 1063 1467 947 538 10 1544 3471 813 1789 92 285 4642 1010 686 9 0 0 64 1 0 0 3 3 1 0 1 0 0 0 0 1 2 0 0 0
0 0 0 1 2 0 0 292 2069 56 1538 36 36 25 4 16 13 4723 4442 0 3 794 63 779 7 22 609 1675 19 86 334 66 3021 8 171 35 380 324 1128 273 466 5537 5758 3596 868 2000 5581 5303 1293 567 300 623 196 83 303 19 1608 12 3 633 6 12 290 0 6 1251 1247 286 70 1666 1534 1950 605 3797 343 2212 432 4444 2528 3 1 1 306 350 1 0 1 0 0 0 0 0 1 44 1 0 2 0 0 0
2 0 0 0 0 1 0 40 33 1637 1515 33 2 31 24 15 11 1161 850 4 5 11 717 122 78 1002 263 50 649 9 684 155 1425 37 118 232 1869 278 943 201 2640 7447 15147 7032 281 608 722 638 436 3658 457 10 317 49 617 14 3 180 1015 166 255 23 96 4 2507 553 1231 315 705 3357 1083 13078 14518 20607 3014 2429 678 722 4331 20 12 0 87 1339 5 0 1 1 0 2 0 0 1 18 4 0 0 0 0 0
0 1048 2 0 0 1 0 74 9 125 10 56 5 58 423 70 634 1008 387 406 110 1335 18 68 6 393 81 582 9 7 39 54 396 1064 227 84 722 1709 98 1831 755 205 3402 1695 67 83 277 590 12 1341 851 933 1385 143 765 13 1717 791 28 87 83 1194 562 208 1054 2198 2628 1808 1905 2972 4724 3598 20023 21079 8003 291 631 304 602 436 4143 11 54 2 57 1 0 1 0 0 0 1 5 10 17 0 0 0 0 1
0 0 2 0 0 0 2 107 8 6 36 2 58 63 1 1 478 133 285 1649 100 8 18 8 2 271 501 142 21 294 66 231 161 43 1121 224 1004 1549 689 285 1902 80 45 148 5 52 215 1399 2467 106 16 8 147 2659 5141 1387 986 1675 1056 957 1085 1310 3268 482 146 32 473 521 352 144 193 1026 16732 21872 8981 143 4 488 424 12 3247 208 90 0 2 0 0 0 1 1 1 1 5 0 0 0 0 0 0 0
0 3 18 2 6 7 74 145 16 3 6 20 19 16 70 4 1754 13742 51 45 2379 1017 8 1056 24 1857 444 38 28 406 86 68 97 67 106 2944 695 2 89 0 681 915 2128 212 442 45 697 223 1742 1140 390 39 3 228 1437 10 188 11 524 211 654 934 178 40 1876 811 161 1256 1090 780 1827 850 2496 4634 937 2669 1518 16 1 16 118 14 245 32 6 3 1 3 21 2 5 5 2 3 0 0 0 0 0 0
1 0 0 2 22 2 4 4 24 11 80 37 154 38 82 210 666 29 77 1361 81 2326 71 53 9 157 279 8 28 279 1166 42 1689 558 42 829 447 1 3 704 140 902 915 520 319 362 3366 547 493 1159 46 10 497 76 12 6 646 31 50 10 1764 153 30 15 1488 10 164 67 1393 3206 3649 384 803 1619 1138 506 4899 1787 340 3074 1420 10 578 1120 99 267 0 3 14 115 7 1 3 3 1 0 0 0 0 0
1 0 0 4 9 8 6 10 28 1014 4 3 23 310 43 350 48 30 38 99 18 33 17 57 75 3495 773 3041 119 63 1082 175 933 1999 40 19 1376 11 16 22 243 12 649 310 16 40 3836 633 31 766 31 11 17 1614 7 19 22 13 293 1893 836 234 54 84 3008 30 1468 1220 962 448 1238 741 2305 321 109 230 1246 40 1459 420 2531 896 2035 206 85 705 1 37 30 25 0 0 2 1 0 0 6 1 3 12
0 1 60 99 3 2 0 11 20 1 42 60 212 324 1177 376 292 42 758 20 27 24 6 10 72 305 95 459 4 2 53 141 141 96 135 2 1434 1 1 22 157 43 665 212 15 36 379 214 1328 18 29 6 4 164 3 127 11 454 124 1428 1 3 32 50 131 457 4258 111 2665 2507 1959 613 1358 4587 1844 4564 839 30 371 1505 23 34 689 1118 565 122 69 95 677 936 423 0 0 7 16 6 52 0 0 0
0 1 1265 0 32 2 0 13 3 529 9 0 77 90 31 464 24 119 1076 13 14 279 11 7 4 917 455 2443 0 4 50 811 71 56 64 983 2220 56 9279 1583 787 3498 2518 133 4 51 1847 579 213 1978 2568 36 23 1416 167 112 893 139 16 0 8 6 649 4858 169 952 3436 5607 71 403 939 148 92 218 786 289 7565 159 54 1990 4 43 99 1279 285 2134 88 66 0 0 0 0 0 3 7 0 0 0 0 2
0 2 25 0 0 0 2 17 9 7 166 115 1172 59 6805 668 113 13 18 18 21 53 52 89 7 52 255 49 237 151 29 493 68 10 48 28 201 1281 1990 332 1739 3577 644 189 9 70 38 5576 121 51 519 22 525 264 162 81 97 178 1088 31 24 29 30 55 43 26 260 282 808 4602 895 549 2 888 5 43 73 126 634 2541 51 124 366 3990 100 0 1439 221 188 238 0 1 0 0 3 0 2 2 0 0
1 1 1 7 1 2 5 71 5 1 10 9 36 22 634 2268 1102 95 188 1007 813 34 104 409 15 39 32 401 1239 57 72 1007 216 90 133 55 174 3109 110 92 206 96 1322 3242 122 94 781 99 598 309 42 41 858 227 276 19 0 53 5 1 0 1 27 109 17 3 236 1074 1581 1058 91 3 15 920 1 1 7 205 1370 683 3 774 64 139 15 1 398 55 27 2 1 0 0 0 2 3 0 0 0 0
0 0 0 0 0 0 4 9 0 50 1 2 1 2692 1700 2447 505 69 31 85 3 2 22 63 22 488 21 357 8 2428 911 15 148 466 1238 20 51 262 25 1065 452 146 576 2351 2109 163 415 773 82 1424 26 51 48 88 6 39 1355 65 1 2 0 0 151 390 0 2 325 1661 2107 7 160 4 3 63 2 1 85 1902 10 48 2 280 26 10 27 209 129 490 45 352 0 0 0 0 0 0 0 0 1 0
0 0 0 0 3 3 2 21 2 11 375 7 263 684 2160 2099 409 200 61 64 28 24 17 45 39 13 49 325 106 1510 14 18 25 49 59 15 114 54 8 263 5 2275 773 2016 832 17 140 185 289 1175 98 2884 22 79 0 44 4107 856 1 1 1 1 8 55 1 0 2 96 85 2 2 2 3 261 1 3 2018 12 5 52 71 2 18 337 79 320 98 17 49 4 13 1 0 0 4 0 0 0 0 0
