0 25 10 0 0 0 0 0 0 0 0 0 0 0 0 0 0 0 1 0 0 0 0 0 0 0 0 0 8 7 28 1 0 4 0 14 0 0 0 0 0 0 0 0 0 1 0 0 0 0 0 0 0 2 0 0 4 1 0 0 0 0 0 1 0 0 0 0 0 0 0 2 0 0 0 0 0 0 0 0 0 0 0 0 0 0 0 0 0 0 0 0 0 0 0 0 0 0 0 0 2 5 0 0 0 0 0 0 0 0 0 1 0 0 0 0 0 0 0 0 0 0 0 0 0 0 0 0 0 0 0 0 0 0 0 0 0 0 0 0 0 0 0 0 0 0 0 0 0 0
0 0 30 0 0 0 0 0 0 0 0 0 0 1 0 0 0 0 0 0 0 0 0 0 0 0 0 6 3 25 73 1 1 0 0 0 0 0 0 0 0 0 0 0 0 0 1 0 0 0 0 0 0 1 0 0 2 0 0 1 0 0 0 0 0 0 0 0 0 0 0 2 2 0 1 0 6 0 0 0 0 0 1 0 0 0 1 0 0 0 0 1 0 0 0 0 0 0 0 0 4 0 0 0 3 0 1 0 0 0 0 0 0 0 0 0 0 0 0 0 0 0 0 11 0 0 0 0 0 0 6 1 0 0 0 0 0 0 0 0 0 0 0 0 0 0 0 0 0 0
0 0 49 0 0 0 0 0 0 0 0 0 0 0 0 1 0 1 0 0 0 0 0 0 0 0 0 1 3 10 30 0 0 0 0 0 0 1 2 0 0 1 1 0 0 0 0 0 0 52 0 0 0 1 0 0 5 0 0 0 0 0 0 0 0 2 0 0 0 0 0 1 0 1 0 0 1 0 0 0 0 1 0 0 0 0 0 0 0 0 0 4 0 0 0 0 0 0 0 3 1 0 1 0 1 0 0 0 0 0 0 0 1 0 0 0 0 0 0 0 0 0 0 0 0 0 0 0 0 0 0 0 0 1 0 0 0 0 0 0 0 0 0 0 0 0 0 0 0 0
0 0 28 0 0 0 0 0 0 0 0 0 0 0 0 0 0 0 1 0 0 0 0 3 1 1 2 0 0 2 25 0 0 0 0 1 0 5 3 0 3 1 0 0 0 0 0 0 0 0 0 0 0 0 1 0 2 0 0 0 0 0 0 0 0 0 0 0 0 0 2 0 0 0 0 0 0 0 0 0 0 1 0 0 0 0 0 0 0 0 0 1 0 0 0 0 0 0 0 7 1 0 0 1 0 0 1 0 0 0 1 0 4 0 0 0 0 0 0 0 4 0 0 0 0 0 0 0 0 0 0 0 0 0 0 0 0 0 0 0 0 0 0 0 0 0 0 0 0 0
0 0 2 15 0 0 0 0 0 0 0 0 0 0 0 0 0 0 0 0 0 2 4 1 0 3 0 0 0 1 19 0 0 0 1 0 0 5 1 0 47 3 1 3 0 0 0 0 0 0 0 0 0 0 0 3 2 0 0 0 0 0 0 0 0 0 0 0 0 0 2 1 0 0 0 0 1 1 0 0 0 0 0 0 0 0 0 0 0 0 0 0 0 1 0 0 0 0 7 0 0 0 0 0 1 0 0 0 0 0 0 0 0 0 0 1 0 0 0 0 0 0 0 0 0 0 0 0 0 0 0 0 0 0 0 0 0 0 0 0 0 0 0 0 0 0 0 0 0 0
0 1 0 32 0 0 0 0 0 0 0 0 0 0 0 0 0 0 0 0 0 1 0 0 0 51 1 0 0 0 30 0 6 0 0 1 1 27 0 5 2 81 6 2 1 0 0 1 1 0 0 0 0 0 1 0 4 0 0 0 0 0 0 0 0 0 0 0 0 0 2 5 0 14 0 0 0 0 1 0 2 0 0 0 0 0 0 0 0 0 0 3 0 0 0 0 0 7 0 0 0 0 0 1 0 0 0 0 0 0 0 0 0 0 0 0 0 1 0 0 0 0 0 0 0 0 0 0 0 0 0 0 0 0 0 0 0 0 0 0 0 0 0 0 0 0 0 0 0 0
0 0 0 155 0 0 1 1 3 0 0 0 0 0 0 2 0 0 0 0 0 0 0 0 0 8 1 2 0 0 25 0 562 0 0 0 101 3 0 2 2 1 1 1 1 0 0 0 1 0 0 1 0 0 0 0 3 0 0 0 0 0 0 0 0 1 0 0 0 0 1 76 0 0 0 0 0 0 0 0 0 0 0 3 0 0 0 0 0 0 0 4 0 0 0 2 3 1 0 0 0 0 0 0 0 0 0 0 0 0 0 0 0 0 0 0 0 0 0 0 0 0 0 0 0 0 0 0 0 0 0 0 0 0 0 0 0 0 0 0 0 0 0 0 0 0 0 0 0 0
0 0 0 16 1 0 0 0 5 0 0 0 0 0 0 0 0 0 0 0 0 0 0 0 2 0 0 0 1 1 15 0 372 7 348 0 114 5 1 978 0 0 0 1 0 0 0 0 0 0 0 0 0 0 0 0 1 0 0 0 0 0 0 0 0 0 0 0 4 4 0 3 0 0 0 0 0 0 0 0 0 0 0 0 0 0 0 0 0 0 0 2 0 1 6 3 0 0 0 0 0 0 0 1 0 0 0 0 0 0 0 0 2 0 0 0 0 0 0 0 0 0 0 0 0 0 0 0 0 0 0 0 0 0 0 0 0 0 0 0 0 0 0 0 0 0 0 0 0 0
17 0 0 378 0 0 0 0 2 0 0 0 0 1 1 0 0 0 0 0 0 0 0 1 0 1 0 0 1 2 199 10 5 17 2 4 3 12 1 3 6 28 201 0 0 0 0 0 0 0 2 0 0 13 0 0 3 0 0 0 0 0 0 0 0 0 0 0 2 1 0 0 0 0 0 0 0 0 0 0 0 0 0 0 0 0 0 0 0 0 0 0 3 4 0 0 0 0 0 0 0 0 0 0 0 0 0 0 0 0 0 0 0 0 0 9 0 0 0 0 0 0 0 0 0 0 0 0 0 0 0 0 0 0 0 0 0 0 0 0 0 0 0 0 0 0 0 0 0 0
0 3 1 8 33 0 3 1 3 0 0 1 0 2 0 0 0 0 0 0 0 0 0 0 5 1 0 69 0 1 0 39 0 0 11 13 0 3 6 14 7 0 0 0 0 0 0 0 1 0 0 0 0 0 0 0 10 0 0 0 0 256 0 0 0 0 0 0 3 1 0 1 0 0 0 0 0 0 0 0 0 0 0 0 0 0 0 0 0 0 0 4 5 0 0 0 0 0 0 0 2 0 0 0 0 0 0 0 0 0 0 0 0 0 0 1 1 0 0 0 0 0 0 0 0 0 0 0 0 17 0 0 0 0 0 0 0 0 0 0 0 0 0 0 0 0 0 0 0 0
50 61 68 37 115 1 0 1 0 0 0 0 0 0 0 0 0 0 0 0 0 0 0 2 0 2 2 0 1 0 0 16 0 0 1 1 3 4 0 5 2 1 0 0 0 0 0 1 0 0 0 0 0 1 0 0 5 0 0 0 0 1 0 0 0 0 0 0 3 0 0 1 15 1 0 1 0 0 1 0 0 0 0 1 0 0 1 0 0 0 7 4 0 1 0 0 0 0 0 1 0 0 0 0 0 0 0 1 0 0 0 0 0 0 0 0 2 0 0 0 0 0 0 0 0 0 0 0 0 0 0 0 0 0 0 0 0 0 0 0 0 0 0 0 0 0 0 0 0 0
78 529 97 1 31 0 0 17 0 0 0 0 0 0 0 0 0 0 0 0 0 0 0 1 0 1 2 2 4 0 94 42 0 0 1 0 728 0 0 63 0 1 0 0 0 0 0 0 0 0 0 0 0 0 0 0 3 0 0 0 0 0 0 0 0 0 0 0 1 1 0 2 0 0 0 0 0 0 0 0 0 0 0 0 0 0 0 0 0 0 4 0 0 0 0 0 0 0 0 2 0 0 0 1 0 0 0 0 1 0 0 0 0 0 0 0 0 0 0 0 0 0 0 0 0 0 0 0 0 0 0 0 0 0 0 0 0 0 0 0 0 0 0 0 0 0 0 0 0 0
6 5 0 2 58 0 0 1 0 0 0 0 0 0 0 0 0 0 0 0 0 0 23 1 0 0 0 1 0 2 29 21 1 0 0 5 3 1 3 13 78 0 0 1 46 15 0 0 0 0 0 0 0 2 0 1 5 0 0 0 2 0 0 2 0 0 5 0 0 0 0 0 0 0 0 0 0 0 0 0 0 0 0 0 0 0 0 0 0 1 0 0 0 0 0 0 0 1 0 0 0 0 0 0 0 0 0 0 0 0 0 0 0 0 0 0 0 0 0 0 0 0 0 0 0 1 0 0 0 0 0 0 0 0 0 0 0 0 0 0 0 0 0 0 0 0 0 0 0 2
4 2 0 6 44 0 0 0 0 0 0 0 0 0 1 0 0 1 0 2 0 0 3 0 0 0 1 24 0 0 0 22 0 0 0 1 0 0 31 299 5 2 3 7 0 0 8 1 0 0 0 0 0 0 0 0 5 0 0 1 1 2 0 0 0 0 7 7 9 7 0 0 1 0 0 0 0 0 0 0 0 0 0 1 0 0 0 0 0 3 0 0 1 0 0 0 0 0 0 0 0 0 0 0 0 0 0 0 0 0 0 0 0 0 0 2 0 0 0 0 0 0 0 0 0 0 0 0 0 0 0 0 0 0 0 0 0 0 0 0 0 0 0 0 0 0 0 0 0 0
4 0 0 0 53 2 0 0 0 0 0 0 0 0 1 0 0 0 2 0 0 0 1 1 0 0 3 14 4 2 0 34 7 26 9 14 1011 6 9 6 0 0 0 0 0 0 0 0 1 1 0 1 0 3 0 2 5 0 0 0 0 1 2 1 0 1 1 1 20 16 0 0 14 0 0 0 0 0 0 0 0 0 0 0 0 0 0 0 1 2 0 0 0 0 0 0 1 0 0 0 0 0 0 9 0 0 0 0 0 0 0 0 0 0 0 1 0 0 0 0 0 0 0 0 0 0 0 0 0 0 0 0 0 0 0 0 0 0 0 0 0 3 0 0 0 0 0 0 0 0
1 0 0 1 44 0 0 0 0 0 13 0 0 1 0 0 0 1 17 0 0 0 1 0 0 0 0 2 4 2 0 931 10 26 7 0 3 0 0 2 0 0 1 0 0 0 0 0 0 0 0 0 0 0 0 2 3 1 0 0 0 2 0 0 1 3 2 0 11 69 6 5 1 0 0 0 0 0 0 1 0 0 0 0 0 0 0 0 4 0 0 0 0 0 0 0 0 0 0 0 0 0 0 1 0 0 0 0 0 1 0 1 0 0 1 0 0 0 0 0 0 0 0 0 0 0 0 0 0 0 0 0 0 0 0 0 0 0 0 0 0 1 0 0 0 0 0 0 0 0
0 1 1 0 49 1 0 9 0 0 0 0 0 0 0 0 0 0 1 21 0 1 31 2 50 569 6 93 7 9 8 167 128 0 0 1 0 0 0 1 0 0 43 0 1 0 1 0 0 0 0 0 1 0 1 0 5 0 0 0 1 0 0 8 0 1 0 0 77 274 2 6 95 2 0 0 1 0 0 0 0 0 0 0 0 0 0 0 2 0 0 0 0 0 0 0 0 0 0 0 0 0 0 0 0 0 0 0 0 0 0 0 1 0 1 0 0 2 0 0 0 0 0 0 0 0 0 0 0 0 0 0 0 0 0 0 0 0 0 0 0 0 0 0 0 0 0 0 0 0
1 0 61 0 49 2 0 0 0 0 0 0 0 0 0 0 0 0 0 0 15 7 1 0 1 24 1 0 16 0 0 1834 89 0 2 0 48 9 1 1 0 0 0 0 0 0 2 0 0 0 1 1 0 0 0 0 2 1 0 0 0 1 0 0 0 51 4 2 25 17 28 8 4 3 1 0 0 1 1 8 0 2 1 0 3 0 1 0 5 0 1 0 0 0 0 0 0 0 0 0 0 0 0 0 1 0 0 0 0 0 0 0 0 0 0 0 0 1 0 1 0 0 0 0 0 0 0 0 0 0 0 0 0 0 0 0 0 0 0 0 0 0 0 0 0 0 0 0 0 0
0 0 2 17 32 2 0 0 2 0 0 2 0 0 0 0 1 0 0 0 2 4 0 0 0 0 0 4 1 0 0 2 43 8 13 52 25 1 0 0 0 9 0 0 0 0 0 0 0 1 1 0 0 0 0 0 3 0 0 0 0 0 0 0 0 0 0 0 32 47 5 22 4 0 2 1 2 2 1 2 2 0 0 0 0 0 0 3 0 0 1 0 100 0 0 0 0 1 1 0 0 1 0 0 0 0 0 0 0 0 0 0 0 0 0 0 0 4 0 0 0 0 0 0 0 0 0 0 0 0 0 0 0 0 0 0 0 0 0 0 0 0 0 0 0 0 1 0 0 0
4 0 0 20 2 0 0 0 0 3 3 0 0 0 0 0 0 1 0 0 0 1 0 0 0 434 2 10 2 2 17 42 29 0 2 1 174 26 0 1 0 0 1 0 0 0 54 0 0 1 0 0 1 0 0 0 1 0 0 0 0 0 0 0 0 3 1 1 3 26 5 23 2 0 1 0 4 0 1 0 0 0 0 0 0 0 0 7 4 0 0 0 0 1 0 0 0 13 0 0 0 0 0 0 0 0 0 0 1 0 0 0 0 0 0 0 0 1 1 0 0 0 0 3 0 0 0 0 0 0 0 0 0 0 0 0 0 0 0 0 0 0 0 0 0 0 0 0 0 0
0 0 0 24 21 3 0 1 1 3 1 0 1 0 0 0 0 0 0 0 1 0 0 0 0 128 0 942 0 0 1 21 19 2 1 0 4 13 50 30 0 571 199 13 11 11 9 1 0 1 0 0 0 0 1 0 1 3 0 0 0 0 0 0 1 6 10 48 23 16 11 18 3 1 0 0 2 0 0 0 0 0 1 0 0 0 7 2 2 0 0 0 0 0 0 0 0 2 0 0 0 0 0 1 0 0 0 0 0 0 0 0 1 0 0 0 0 0 4 0 0 0 0 0 0 0 0 0 0 0 0 0 0 0 0 0 0 0 0 0 0 0 0 0 0 0 0 0 0 0
0 0 2 114 4 34 1 9 5 7 6 2 6 0 0 0 0 1 0 0 2 0 0 1 0 2 840 108 1 0 0 31 0 1 133 0 3 1 0 224 0 16 9 0 4 1 3 0 1 0 0 0 0 1 0 0 1 0 4 0 0 0 0 0 1 0 2 11 5 3 1 3 5 0 0 0 0 0 0 0 0 1 0 0 0 0 5 0 0 0 0 1 0 0 0 0 1 0 0 0 0 0 0 0 0 0 0 0 0 0 0 0 0 0 0 3 0 0 0 1 0 0 0 0 0 0 0 0 0 0 0 0 0 0 0 1 0 0 0 0 1 0 0 0 0 0 0 0 0 0
0 0 13 49 10 28 0 0 0 21 46 9 14 0 2 0 1 2 0 0 0 0 0 0 1 5 51 22 7 3 7 75 84 868 52 36 2 7 3 0 0 0 11 0 0 2 0 0 0 0 0 0 0 0 0 0 0 0 2 0 9 0 0 2 0 0 3 3 55 17 9 7 2 1 0 0 1 1 0 0 0 0 0 0 0 8 0 0 0 0 1 0 0 0 0 0 2 0 0 0 0 0 0 0 0 1 0 0 0 0 0 0 0 0 0 0 0 0 0 2 0 0 0 0 0 0 0 0 0 0 0 0 0 0 0 0 0 0 0 0 0 0 0 0 0 0 0 0 0 0
0 0 20 245 3 4 0 0 0 1 19 32 1 0 0 0 0 1 1 0 0 0 3 1 0 1 0 120 498 1562 50 36 21 720 1 2 13 7 14 5 5 4 45 4 17 5 1 1 0 2 29 0 0 2 1 0 0 0 2 0 0 2 2 0 0 0 0 0 8 3 0 5 2 2 1 0 1 0 0 0 0 0 0 0 4 0 1 0 0 0 0 0 0 0 0 0 1 0 0 0 0 0 0 0 0 2 0 0 0 0 0 0 0 0 0 0 0 0 0 5 101 0 0 1 0 0 0 2 1 0 0 0 0 0 0 0 0 0 0 0 0 0 0 0 0 0 0 0 0 0
1 2 0 441 0 1 0 1 1 2 0 22 2 0 0 0 0 1 0 1 0 0 0 0 0 0 0 9 0 1 0 26 20 1 1 487 17 0 26 0 58 2268 39 0 29 109 3 5 78 0 1 0 4 0 0 0 1 0 3 2 0 3 0 0 0 1 0 1 7 3 1 7 2 1 5 3 0 0 1 0 0 0 1 6 1 0 0 0 1 0 0 0 0 0 0 0 0 0 0 0 0 0 1 0 0 0 0 0 0 0 0 0 0 0 0 0 0 0 0 0 0 0 0 0 0 0 0 0 0 0 0 0 0 0 0 0 0 0 0 0 0 0 0 0 0 0 0 0 0 0
4 3 0 270 30 6 0 0 0 0 0 4 0 0 1 0 3 62 2 2 1 15 0 0 1 155 2 13 1 3 6 49 55 1 0 8 36 3 21 0 1 1 22 810 5 11 0 9 7 2 2 2 0 0 0 0 0 0 3 1 1 0 0 0 0 0 0 0 3 2 0 5 0 0 26 0 0 0 0 0 0 6 2 0 0 0 0 0 0 0 0 0 0 0 0 0 0 0 0 0 0 0 0 0 0 0 0 0 0 0 0 0 0 0 0 0 0 1 0 0 0 0 0 0 0 0 0 0 0 0 0 0 0 0 0 0 0 0 0 0 0 0 0 0 0 0 0 0 0 0
10 0 0 172 5 5 0 0 2 0 0 7 0 0 3 0 17 0 4 2 1 4 0 0 0 0 0 8 0 26 1 0 42 4 4 162 0 65 251 0 0 39 11 113 1 9 2 1 0 0 32 1 1 0 0 0 0 1 28 4 11 2 1 32 0 76 0 0 3 0 1 11 11 0 9 16 1 0 0 5 7 2 0 0 0 0 0 0 0 0 0 0 0 0 2 0 0 0 0 0 0 0 0 0 0 0 0 0 0 0 0 0 0 0 3 55 0 1 0 0 0 0 0 0 0 0 0 0 0 0 0 0 0 0 0 0 0 0 0 0 0 0 0 0 0 0 0 0 0 0
31 1 5 148 160 1061 5 1089 6 0 0 17 82 262 0 69 46 0 4 2 2 3 0 0 0 163 110 73 211 36 34 0 51 0 0 5 152 0 2 4 29 1332 83 1007 30 37 104 0 5 320 8 1 0 0 0 0 1 1 13 5 6 0 1 0 0 7 3 0 20 1 6 4 0 0 5 48 0 0 5 4 10 2 0 0 1 0 0 0 0 0 1 0 4 0 0 1 0 0 0 0 0 0 0 0 1 0 0 0 0 1 0 0 0 0 0 0 0 0 0 0 0 0 0 0 0 0 0 0 0 0 0 0 0 0 0 0 0 0 0 0 0 0 0 0 0 0 0 0 0 3
38 17 0 5 251 35 3 9 15 35 1557 177 8 374 190 0 1 0 1 3 11 5 1 0 7 61 14 160 19 58 117 2 50 0 1 8 3 11 13 1 124 55 8 0 52 10 486 99 147 350 62 0 0 0 0 2 0 0 0 20 0 3 2 0 0 10 0 0 6 0 5 9 2 0 4 3 3 11 4 1 2 0 1 0 0 3 0 0 0 0 0 0 1 0 1 0 0 0 0 0 0 0 0 0 0 0 0 0 0 0 0 0 0 0 1 0 0 0 0 0 0 0 0 5 0 1 0 0 1 0 0 0 0 0 0 0 0 0 0 0 0 0 0 0 0 0 0 0 0 0
0 12 1 12 85 39 3 2 21 1 129 80 14 7 12 0 11 1 1 6 17 0 0 0 36 3 85 132 3 6 87 188 36 196 0 230 47 337 51 0 159 33 2 1 0 11 2 122 64 10 14 0 73 0 1 1 1 1 0 4 0 0 46 0 1 35 0 0 7 0 3 15 2 6 7 15 6 6 0 0 0 1 0 0 0 4 0 0 0 1 0 1 2 0 0 2 0 0 0 2 1 1 1 0 0 0 0 0 0 0 0 0 0 0 0 0 0 0 0 0 0 0 0 0 0 0 0 0 0 0 0 0 0 0 0 0 0 0 0 0 0 0 0 0 0 0 0 0 0 0
0 146 315 18 624 69 0 10 35 0 0 32 4 6 0 16 8 0 0 5 0 0 0 20 40 5 38 160 18 25 25 565 99 17 55 18 24 1 15 4 56 65 633 0 0 3 35 113 29 35 35 1 0 0 1 1 0 0 0 52 0 0 5 0 3 10 2 9 5 2 3 10 0 0 0 5 58 6 2 5 1 0 2 0 0 0 0 0 0 0 0 0 0 0 0 1 0 0 1 0 0 0 0 0 0 0 0 0 0 0 0 0 0 0 0 0 0 0 0 0 0 0 0 0 0 0 0 0 0 0 0 0 0 0 0 0 0 0 0 0 0 0 0 0 0 0 0 0 0 0
1117 15546 21574 1168 283 96 111 36 170 2 0 8 7 220 138 0 5 1 135 22 0 0 0 36 1 0 0 11 1 55 27 1 57 340 3 20 5 0 5 4 18 120 14 6 175 55 13 78 1642 260 55 19 1 7 3 0 1 0 0 0 2 0 0 2 0 0 0 7 3 0 9 0 1 0 0 16 5 4 3 0 1 0 0 2 0 0 0 0 0 0 0 2 0 0 0 1 0 0 65 2 1 0 0 0 0 0 0 0 1 0 0 0 0 0 1 0 0 0 0 0 0 0 0 0 0 0 0 0 0 0 0 0 0 0 0 0 0 0 0 0 0 0 0 0 2 0 0 0 0 1
230 31 569 92 84 32 64 0 209 376 187 26 5 69 137 17 436 2 9 20 0 63 1 0 3 0 0 57 5 5 14 28 80 611 8 116 1 2 0 14 21 135 4 1 2 1216 7 50 378 276 17 35 12 43 9 0 5 0 0 0 2 1 0 0 3 0 1 0 21 1036 212 4 0 64 5 4 2 3 0 0 0 0 0 0 0 0 0 0 0 0 1 68 0 0 10 2 0 0 0 0 0 0 0 0 0 0 0 0 0 0 1 1 0 0 0 0 0 0 0 0 0 0 0 0 0 0 0 0 0 0 0 0 0 0 0 0 0 1 0 0 0 0 0 0 0 0 0 0 0 1
0 19 30 79 0 0 22 29 1 64 377 1157 22 42 43 1 11 18 13 6 0 759 1 0 0 1 54 13 1 3 250 6 85 673 21 5 0 0 118 6 1234 110 4 1 0 4 1 65 0 86 32 0 2 1 1 0 0 1 0 0 1 0 5 1 6 2 0 5 8 496 17 0 1 2 1 6 0 1 0 0 1 1 0 1 0 0 0 0 0 1 0 0 0 0 0 0 0 0 0 0 0 1 0 0 0 0 0 0 1 0 0 0 0 0 0 0 0 0 0 0 0 0 0 0 0 0 0 0 0 0 0 0 0 0 0 0 0 0 0 0 0 0 0 0 0 0 0 0 0 1
204 3 30 175 1 5 53 112 402 1 5 26 0 0 25 1 1 96 361 226 635 9 6 4 1 0 11 9 7 0 1002 36 70 2 14 4 1 293 1260 17 86 7 3 8 5 92 1 20 978 1291 208 0 42 451 4 55 0 1 0 56 77 1 36 9 31 0 4 181 927 16 2 1 0 0 8 0 0 2 1 0 2 0 0 0 0 1 0 0 0 0 0 1 0 0 0 2 0 0 0 0 0 0 0 0 7 2 0 47 0 0 0 0 0 0 0 0 0 0 1 0 0 0 0 0 0 0 0 0 0 0 0 0 0 0 0 0 0 0 0 0 0 0 0 0 0 0 0 0 0 0
86 8 9 136 74 5 916 64 731 2 0 20 0 2924 1161 35 1 25 9 29 6 10 2 0 94 1 17 8 1201 32 18 140 202 15 86 11 724 1499 1 10 47 29 6 38 10 132 8 34 778 307 11 1 7 3 1 0 0 3 1 0 677 1302 15 7 10 11 52 322 102 44 859 4 0 0 8 0 2 2 0 0 0 0 0 0 1 0 0 0 7 1 1 0 31 0 4 0 0 0 0 0 0 0 0 0 2 1 0 0 0 0 0 0 0 0 0 4 0 0 0 0 0 0 0 0 1 1 0 1 1 0 0 0 0 0 0 0 0 0 0 0 0 0 0 0 0 0 0 0 0 1
205 3 0 4 215 129 179 90 28 43 2 89 9 75 15 17 0 31 7 93 0 0 1 0 2 0 2 7 4 1 45 61 152 16 53 1 1 7 4 1741 19 0 59 0 20 0 13 30 354 5 1 0 5 1 4 0 0 0 449 2 1 11 884 4 1841 67 24 0 59 32 115 0 10 15 0 98 7 2 2 2 2 194 0 0 1 0 6 0 0 0 2 0 0 0 2 0 0 0 0 0 0 0 0 0 0 1 0 0 0 0 0 0 0 0 0 0 0 0 0 0 0 0 0 0 0 0 0 0 0 0 0 0 0 0 0 0 0 0 0 0 0 0 0 0 0 0 0 0 0 0
0 0 52 4 3 306 92 126 9 10 0 16 3 23 17 11 58 788 0 38 2 0 8 2 1 4 0 43 3 4 5 224 148 1 1 1 0 24 30 500 133 44 226 0 818 732 902 14 17 6 3 3 2 1 2 1 1 0 1148 1 0 55 2 1 83 15 0 0 20 5 8 0 11 652 0 0 0 2 0 0 1 0 0 1 4 1 0 0 0 0 6 1 0 1 1 0 0 0 1 0 0 0 0 1 0 2 0 0 0 1 2 0 0 0 0 0 0 1 0 0 1 1 0 0 0 0 0 0 0 0 0 0 0 0 0 0 0 0 0 0 0 0 0 0 0 0 0 0 0 0
0 0 0 1748 1682 106 201 100 3 3 0 11 2 29 7 16 181 275 0 25 0 0 51 2 4 4 0 20 1 0 4 499 79 9 6 2 1 9 1 32 29 45 37 0 3 40 662 767 104 5 15 17 20 5 8 0 2 10 36 4 213 13 0 1106 37 1230 1 1 65 1 2 5 74 1225 33 81 0 2 5 0 4 0 0 0 0 0 0 0 0 0 0 0 283 0 1 0 0 0 0 0 0 0 0 0 0 247 1 19 0 0 2 0 0 0 0 0 1 0 0 0 0 0 0 0 0 0 0 0 0 0 0 0 0 0 0 0 0 0 0 0 0 0 0 0 0 0 0 0 2 0
1 1 138 660 336 38 1694 665 0 7 1 16 4 2295 79 1134 1227 5 0 32 3 0 8 1 99 0 0 8 14 22 0 199 0 1 0 752 2 20 201 23 25 3 2 9 62 219 0 1 17 1 0 262 6 4 3 0 0 1115 2412 9 8 47 9 35 7 1 7 378 133 0 2 24 14 0 3 13 23 21 80 416 5 0 0 0 0 0 0 0 0 0 0 0 0 2 0 0 0 0 0 0 0 1 0 0 0 0 0 0 0 0 0 0 1 0 0 3 0 0 0 0 0 0 0 0 0 1 0 0 0 0 0 0 0 0 0 0 0 0 0 0 0 1 0 0 0 0 0 1 0 0
10 0 2 5 2 10 1637 754 24 36 25 968 130 131 3 56 204 0 0 20 1 0 1 3 2 0 0 0 0 9 1 1982 0 0 2 0 870 272 5 16 265 12 123 52 15 141 10 0 28 718 276 1 1 0 0 0 1 26 32 0 29 321 114 2 1 1 1 5 91 11 15 45 0 0 0 0 0 5 279 5 47 0 0 0 0 0 0 0 0 0 1 0 1 0 0 0 0 0 0 0 0 0 0 0 0 1 0 0 0 0 0 0 0 0 0 0 0 0 0 0 0 0 0 0 0 0 0 0 0 0 0 0 0 0 0 0 0 0 0 0 0 0 0 0 0 0 0 1 0 0
0 10 29 85 69 35 436 609 2 5 7 950 1314 15 1 30 1117 1719 28 15 116 0 0 8 76 3 0 840 45 32 0 91 4 0 1 14 4 141 83 23 49 29 589 58 7 707 3 486 9 164 42 22 5 0 0 18 73 18 9 74 761 981 32 7 17 3 12 19 18 15 6 40 0 0 8 0 1 2 0 1 486 0 0 1 0 0 0 0 0 1 0 0 1 2 0 0 1 0 0 0 0 0 0 1 0 0 0 0 0 0 0 0 0 0 0 0 0 0 0 0 0 0 0 0 0 0 0 0 0 0 0 0 0 0 0 6 0 0 0 0 0 0 0 0 0 2 0 0 0 0
196 4 0 73 13 29 1034 325 841 5 15 569 0 1 5 1072 2 4 6 0 33 3 0 76 409 10 59 230 167 15 0 124 91 0 0 2738 33 23 2 12 31 4 90 4 14 45 0 8 16 36 1 4 4 100 1 5 314 160 93 15 1554 1788 82 11 1 73 332 27 11 190 9 15 10 0 0 1 1 2 0 13 82 0 0 2 0 0 0 0 0 0 1 1 0 0 0 0 0 0 0 0 0 0 0 0 1 0 0 0 0 0 0 0 0 0 0 0 0 0 0 0 0 0 0 1 0 0 0 0 0 0 0 0 0 2 0 0 0 0 0 0 0 0 0 0 0 0 2 0 0 0
175 0 26 405 23 26 847 114 738 2 14819 685 0 1 46 160 0 2 0 1028 37 1 5 4 17 12 5 19 4 1413 640 88 170 302 31 1503 822 201 0 19 402 496 30 2 4 22 38 2 7 31 289 5 102 24 32 35 39 55 12 203 1494 1156 5 8 38 607 1186 34 106 2386 225 33 6 0 0 1 2 5 0 0 3 0 0 2 0 0 0 1 1 0 0 1 0 2 0 59 0 0 0 0 1 0 0 0 0 0 0 0 0 0 2 0 0 0 0 0 0 0 0 0 1 0 0 0 0 0 0 0 0 0 0 0 0 0 0 0 0 0 0 0 0 0 0 1 1 0 0 0 0 0
26 319 67 644 143 0 206 32 842 143 11082 1335 5 3781 1046 60 24 14 7 25 117 0 6 0 1 2 0 3 19 178 43 220 172 28 33 4 6 20 3 233 1851 2272 112 35 130 8 23 5 8 29 26 1149 19 16 67 11 44 38 16 224 553 123 39 1 13 280 22 3 10 28 2 5 0 1 1 0 7 269 0 0 5 0 1 0 3 0 1 0 0 0 1 0 1 0 0 0 0 0 1 0 0 0 0 0 0 0 0 0 0 0 1 0 0 0 0 0 0 0 0 0 0 0 0 0 0 0 0 0 0 0 0 0 0 0 0 0 0 0 0 0 0 0 0 2 0 0 0 0 0 0
89 60 24 9 185 10 308 92 119 121 1153 11 21 5 74 8 44 3 0 9 42 0 5 45 203 3 3 3 43 16 2 381 1545 7 685 12 22 43 1041 89 54 0 3 705 1031 4 10 11 1 6 451 94 47 28 10 4 6 268 12 733 32 19 54 7 150 17 6 1 1 13 69 2078 1 0 0 0 160 435 0 0 4 156 0 0 193 0 0 0 0 0 27 0 5 0 0 0 0 1 0 0 2 0 2 0 0 0 0 1 0 0 0 0 0 0 0 0 0 0 0 0 0 0 0 0 0 0 0 0 0 0 0 0 0 0 0 0 0 0 0 0 0 0 0 0 0 0 0 0 0 0
2 15 6 0 8 5 23 273 83 153 580 0 0 10 276 402 1025 962 0 104 103 0 2 2 210 2 1079 7 85 3 4 753 185 7 53 4 16 68 143 1 99 21 2 19 26 1910 8 427 30 639 848 1334 12 8 4 0 3 84 80 2359 1 7 65 0 60 18 0 1 8 12 2 105 557 0 42 5 25 2 2 14 29 28 6 4 97 1 0 0 0 0 1 0 0 0 0 0 0 0 2 0 2 0 0 26 0 0 0 0 0 0 0 0 0 2 0 0 0 0 0 0 0 0 0 0 0 0 0 0 0 0 0 0 0 0 0 0 0 0 0 0 0 0 0 1 0 0 0 0 0 0
82 1135 4 1 1 1 330 1 51 106 507 16 706 1295 644 117 1003 0 0 1 26 0 0 7 4 0 5 0 21 12 0 169 249 10 19 8 80 1413 1398 11 247 36 1 419 15 5 1041 749 5 1215 1902 114 43 32 8 3 34 123 1115 430 13 24 965 37 15 4 489 5 12 43 21 44 30 9 10 10 35 0 1 1 8 0 1 225 69 9 367 0 0 0 0 71 0 0 1 0 0 0 0 0 1 0 0 2 0 0 0 0 0 0 0 0 0 0 0 0 0 0 0 0 0 0 0 0 0 0 0 0 0 0 0 0 0 0 0 0 0 0 0 0 0 0 0 0 0 0 0 0 0 0
36 21 1 0 0 1 22 0 11 111 1925 2145 76 3 66 9 5 7 1 0 34 15 0 5 9 3 5 3 308 15 1 5 226 27 0 10 667 921 2 2 552 3213 1643 60 6 6 29 726 180 860 540 32 13 1171 56 1065 1360 170 232 13 5 22 154 47 15 0 3 4 93 19 3 2 3 9 0 2 17 0 0 0 69 0 330 0 10 3 28 1 967 7 1 0 0 0 1 0 0 0 0 0 0 0 0 0 0 1 0 0 0 0 0 0 0 0 0 0 0 0 0 0 0 0 0 0 0 0 0 0 0 0 0 0 0 0 0 4 0 1 0 0 0 1 1 0 0 0 0 0 0 0
0 16 5 0 3 1 12 19 7 105 858 1718 0 2 216 49 235 3 5 1 31 16 1 30 44 325 31 42 5 29 35 72 887 121 14 110 201 40 10 1 127 2 1294 1 97 10 6 28 331 782 12 342 900 3844 1662 682 1599 264 57 7 18 444 631 21 74 0 2 5 0 15 58 2 0 1 0 0 7 1 3 2 9 6 0 2 0 4 483 1 1 0 0 0 0 0 0 0 0 0 0 0 0 0 0 0 0 0 1 0 0 0 0 0 0 0 0 0 0 0 0 0 0 0 0 0 0 0 0 0 0 0 0 0 0 0 0 0 0 0 0 0 3 0 0 0 0 0 0 0 0 0
215 18 8 17 0 1 48 276 18 8 123 343 7 22 307 0 2 2 40 2 3 307 47 4 42 0 1 19 91 42 370 109 416 2 121 1942 16 1107 8 10 153 45 9 6 499 17 2 78 163 48 431 109 2406 107 20 11 18 154 54 4 60 24 159 0 238 1 3 2 0 16 1 544 12 0 12 1043 36 5 21 162 12 1 0 0 1 17 27 0 3 2 2 0 0 0 0 0 0 0 0 0 0 0 1 0 0 0 0 0 0 0 0 0 0 4 0 0 0 0 0 0 0 0 0 0 0 0 0 0 0 0 0 0 0 0 0 0 0 0 0 1 0 0 0 0 0 0 0 0 0 0
1714 637 39 11 27 13 601 663 1546 4 103 98 1113 127 127 275 0 2 786 14 289 741 2 0 795 0 1 1 13 0 5 44 475 9 218 123 58 509 3 149 1139 72 29 1148 65 115 136 219 1043 1530 1017 13 3 3 17 19 35 140 74 9 113 50 1915 21 13 2 377 7 0 21 4 11 482 0 0 2 2 13 2 1 6 0 1 7 3 4 65 0 8 0 1 65 0 0 0 0 0 0 0 1 0 0 0 0 0 0 0 0 0 1 0 0 0 0 0 1 0 0 0 0 0 0 0 0 0 0 0 13 0 0 0 0 0 0 0 0 0 0 1 1 0 0 0 0 0 1 0 0 0 0
486 11 318 556 120 153 578 96 189 147 129 0 329 3718 108 10 1 7 2 15 18 48 1 0 20 2 1 2 8 0 0 45 2016 657 734 7 10 1190 54 34 210 151 6 40 987 280 335 326 46 447 0 13 1 0 2 10 53 66 24 445 2439 46 0 0 7 1 5 13 1 793 30 2 0 0 0 0 28 909 32 879 16 415 5 1173 9 27 80 46 34 0 0 1 2 0 0 0 1 0 0 0 0 0 0 0 0 0 1 0 0 0 1 1 0 2 0 0 0 0 0 0 0 0 1 0 0 0 1 0 0 0 0 0 0 0 0 0 0 0 0 0 0 0 0 0 0 0 0 0 0 0
1 0 0 6 137 462 35367 328 253 13 308 7 153 582 204 24 161 57 41 1 0 14 2 2 7 1 7 337 8 0 1 1071 5839 828 7513 46 8 544 1127 18 1802 136 0 14 6 885 283 188 6 2 6 487 0 8 26 10 127 41 50 1 94 315 0 0 6 0 5 0 181 33 2 7 0 0 8 13 32 77 9 354 0 0 1 0 0 1 42 113 0 5 5 6 112 2 1 2 2 2 2 2 0 0 2 1 0 0 0 1 0 0 0 2 2 1 0 0 0 0 0 0 0 0 0 0 0 0 0 0 0 0 0 0 0 2 1 0 0 0 0 0 0 0 0 0 0 0 0 0 0 0
5 0 63 216 606 329 894 1232 1303 889 837 85 60 1281 1200 554 12 26 3 2 5 20 16 0 13 0 219 88 15 2 21 155 3247 2922 6544 337 936 865 51032 259 652 592 1650 92 9 1522 345 2407 21 6 3 10 21 9 26 5 124 1579 1024 2 79 70 0 0 39 15 22 28 26 292 39 22 71 14 1051 10 0 12 4 8 2 0 3 1 8 0 73 3 2 0 0 1 0 2 0 0 2 0 0 0 0 0 0 0 0 1 2 1 0 1 0 1 1 0 0 0 0 0 0 0 0 0 0 0 0 0 278 0 0 0 0 0 0 0 0 0 0 0 0 2 2 2 2 1 1 0 0 0 0 0
163 240 99 1 395 14 509 316 946 389 291 2130 1506 3188 2517 1369 1637 51 36 2 5 22 431 8 21 5 2 7 55 40 1763 1685 1895 5055 4692 18 830 403 0 40 106 1273 29 88 1375 1881 2090 54 2 27 17 17 19 72 223 1948 564 381 133 13 23 0 0 0 96 1 6 0 5 1057 1936 3 24 1 1 1 22 15 1 1 0 3 4 0 27 0 113 2 0 16 1 0 0 0 0 0 2 0 0 9 0 0 0 0 0 62 1 0 0 0 0 0 0 0 0 0 0 0 0 0 0 0 0 0 0 0 1 1 1 0 5 0 0 0 0 0 0 0 2 0 0 0 0 0 0 3 1 6 3 0
0 2 2 2 0 38 1101 27 354 1002 948 2328 4072 1877 3012 121 99 2 59 155 33 558 1321 1 13 2 0 6 12 0 4 2134 5833 10484 2832 26 45 122 55 58 221 92 466 1 2370 380 12 50 2103 2105 4407 67 7 21 72 95 338 101 6 13 24 0 0 21 129 1 93 1 92 14 0 2 1 0 0 0 493 37 0 5 1079 373 38 329 27 47 95 1 1 0 0 0 0 0 1 0 69 2 0 0 0 0 1 1 0 0 2 0 0 0 0 0 0 0 0 0 0 0 0 0 0 0 0 0 0 0 0 1 0 0 0 0 0 0 0 0 4 0 0 0 0 0 0 0 0 0 0 0 0 1
1 0 0 22 2240 3948 169 11 435 50 35 276 2722 3566 5043 148 26 1240 602 166 9 331 1426 3 0 11 4 15 22 2 475 411 4846 7812 3856 1732 689 138 4 51 9 33 13 5 81 294 1 3 36 1169 2624 43 2 79 189 743 326 20 32 190 52 1 1 1 29 10 33 16 6 19 1 4 6 1 0 10 1 17 10 0 920 0 31 38 1 41 3 815 0 0 0 1 0 0 0 0 0 3 0 0 0 1 0 0 0 0 0 0 0 2 0 0 0 0 0 0 0 0 0 2 0 0 0 0 0 0 0 0 0 1 0 0 0 0 0 3 0 0 0 0 0 0 0 0 0 0 0 0 0 0
0 0 0 7 2 247 438 5 18 56 49 1339 514 2542 1981 124 1304 1431 77 23 212 28 49 0 0 14 0 54 77 166 296 2452 1363 4702 4486 790 3578 441 1 61 21 2 13 29 192 86 15 2 3 979 38 70 134 149 2012 66 315 175 2083 91 134 42 631 4 25 8 0 0 12 0 1 1 0 0 0 2 0 12 1 159 117 6 3 0 124 94 12 54 9 11 0 2 0 0 0 0 0 2 0 0 0 2 0 0 0 0 0 0 1 1 0 0 0 0 0 0 0 0 0 0 0 0 0 0 0 0 0 0 0 2 0 0 0 0 0 1 0 0 0 0 0 0 0 0 0 0 0 0 0 0
1 1 8 0 111 12 62 129 272 263 22 6 741 2297 1089 309 859 155 320 914 32 35 4 0 0 10 1 18 23 98 4 328 753 4107 3293 13 34 3310 599 91 28 8 794 1181 267 19 14 5 765 145 15 52 24 472 145 611 40 181 539 0 2 2 29 166 1782 7 11 6 49 312 0 5 6 0 50 6 0 22 260 1349 0 2 2 91 41 1 99 1 2 0 0 2 0 1 0 0 4 6 0 5 0 5 0 5 0 0 0 0 0 0 0 2 0 0 0 0 0 1 0 0 0 0 0 0 0 0 0 0 0 0 0 0 0 0 2 0 1 0 0 1 0 0 0 0 0 0 0 0 0 0
0 5 3 3 192 39 60 213 38 524 7 321 53 1894 4532 858 147 1754 543 998 160 282 9 0 1 27 215 97 278 1015 2 2340 7146 4466 2119 3 37 290 166 278 33 3 11 16 198 24 1318 35 557 38 6 76 28 2190 768 830 63 998 9 1 3 2 0 19 193 40 10 2 26 23 0 13 31 12 50 43 6 13 825 3 10 7 12 800 3 2 1 0 0 0 0 0 1 0 1 0 2 4 0 1 1 68 1 0 6 0 0 0 0 0 0 0 0 0 0 0 0 0 0 0 0 0 0 0 0 0 1 0 0 0 0 0 0 1 1 0 1 0 1 0 0 0 0 0 0 0 0 0 0 0
0 2 4 267 202 0 56 18 1116 65 63 289 59 175 1473 745 411 47 0 16 31 574 12 0 2 7 19 81 13 1952 9 357 690 2735 3511 87 47 244 36 14 916 16 3863 1067 2993 52 507 21 77 426 47 57 21 14810 6215 1540 107 520 32 45 243 50 214 7 54 4 39 398 476 0 0 67 0 3 180 7 0 22 35 4 3 149 67 9 0 0 0 0 0 0 0 1 1 0 3 0 0 6 97 92 18 20 3182 1 2 0 0 0 1 0 0 0 2 0 0 0 0 0 0 0 0 0 0 0 0 0 2 0 0 0 0 0 3 0 1 0 0 0 0 0 0 0 0 0 0 0 0 0 0 0
1 0 0 65 31 46 474 50 21 4 114 0 3 27 389 612 1032 1052 73 285 331 2586 373 4 4 14 2 52 7 6 234 1391 596 2313 398 171 261 1984 145 37 47 176 58 3675 5230 244 39 24 137 655 228 3 83 1841 3395 228 131 90 393 8 80 1 158 1 12 0 2 996 500 2 41 204 10 2 3 1 0 20 211 64 89 602 112 3 1 1 0 0 1 3 0 0 5 0 4 0 0 11 167 35 106 111 4184 0 1 9 1 0 0 0 0 0 0 0 0 0 2 0 0 0 0 0 2 0 0 0 2 0 0 0 1 2 0 0 0 0 0 0 0 0 0 0 0 0 0 0 0 0 0 0
0 6 0 125 30 11 2 7 236 152 4898 4 5 24 21 610 333 248 111 1454 21 95 1237 277 237 365 402 102 9 17 123 681 1629 926 25 12 89 3612 9 92 321 124 153 505 2974 2030 114 26 54 233 362 154 351 582 2426 153 114 120 1 0 29 4 186 6 29 2 1 43 89 24 43 77 882 64 770 9 11 94 247 149 58 9 0 1 0 3 5 6 66 20 1 1 3 0 1 3 0 2 215 1 5 7 0 0 0 0 0 0 0 0 0 0 0 0 0 0 0 0 0 0 0 5 0 0 0 0 2 0 3 0 0 0 0 0 0 0 0 1 0 0 0 0 0 0 0 0 0 0 0 0
0 1264 68 350 147 1 26 28 385 24 5225 5 166 105 970 321 721 280 413 1 2 176 47 2 5 1125 37 274 178 29 91 715 2035 3657 79 126 175 215 10 25 76 2470 78 545 1624 5 41 8 108 199 428 850 793 282 147 21 791 205 8 23 0 1 23 0 51 1685 40 26 42 3 204 50 7 0 51 13 1007 483 1518 275 6 3 24 4 3 16 0 28 198 6 0 7 1 0 1 29 12 10 0 0 0 0 0 0 0 0 0 0 0 3 0 0 0 0 0 0 0 0 0 0 0 0 0 0 0 0 2 0 0 0 0 0 0 0 0 0 0 0 0 0 0 0 0 0 0 0 0 0 0 0
0 443 1047 465 1 1 12 19 1204 11 128 2 7 6 46 120 916 1257 9 0 0 248 412 2 4 940 12 297 3254 573 27 572 1132 2780 271 634 264 1445 13 28 57 89 2404 1344 532 25 11 146 196 350 215 773 972 262 1083 10 8 8 496 436 4 19 253 7 25 1 4 0 451 167 70 56 0 91 60 117 98 289 493 1 1 477 188 1 0 1 12 477 15 358 2 2 1 0 0 5 2 4 0 0 0 0 0 0 0 0 0 0 2 0 0 0 0 0 0 1 0 0 0 2 8 0 2 0 0 0 0 0 0 0 0 0 0 0 0 0 0 0 1 0 0 1 0 0 0 0 0 0 0 0
0 0 0 290 0 0 16 3 31 2 100 0 884 3 1351 24 112 885 931 154 2 1598 665 0 1 21 46 119 4306 445 543 122 4662 3152 849 82 19 227 6 926 892 2404 4680 2230 233 51 156 417 730 251 409 1519 602 112 152 24 7 857 2 62 13 223 987 12 35 1 0 266 134 93 62 46 0 3 3 81 2 988 210 3 3 5 146 146 209 119 6 1 60 333 309 424 98 9 15 17 0 2 2 17 0 0 2 3 5 3 5 2 2 7 4 2 4 3 4 5 2 1 0 0 0 0 0 0 0 1 0 0 0 0 0 0 0 0 0 0 0 2 0 0 0 0 0 0 0 0 0 0 0 0
143 156 239 20 517 24 5 0 225 194 1631 0 142 60 886 78 11 6 1769 786 7 1393 198 1 3 1 55 89 418 143 668 678 2008 2169 3007 1070 1187 1391 10 3082 911 2450 168 180 1648 43 564 1046 2856 2311 606 1310 478 148 67 26 20 34 11 75 9 5 649 914 798 2 2 31 4 60 1 9 1 0 7 1 5 122 24 0 16 1022 37 7 17 2 7 0 13 0 193 112 1078 130 0 0 0 5 2 0 30 5 1 0 0 1 0 0 3 0 0 0 0 0 0 0 0 0 1 0 0 0 0 0 0 0 0 0 0 0 0 0 0 0 0 0 266 3 0 0 2 0 0 0 0 0 0 0 0 0
28 1 5 0 478 11 25 0 1 62 76 79 82 70 228 45 20 45 4585 927 64 786 2 0 4 3 55 3 828 1160 300 479 2560 3069 2156 3207 2543 1375 134 676 199 2983 660 70 320 1369 1521 9180 2619 1992 2046 1236 214 108 20 66 16 25 887 290 12 22 102 422 88 67 649 527 1520 130 408 316 1 0 49 6 27 128 5 2 6 15 449 190 12 3 377 7 210 0 177 16 34 2 2 2 0 49 16 13 6 1 0 0 0 0 0 0 0 0 0 0 0 0 0 0 0 0 0 0 0 0 0 0 0 0 0 0 0 0 0 0 0 0 0 0 0 0 0 0 1 0 0 0 0 0 0 0 0 0
1 0 0 1 4 0 14 0 0 273 1 811 54 42 884 519 197 126 450 694 67 85 2 1 2 3 178 6 663 120 245 33 1183 3705 2077 825 1554 7719 795 259 14 8721 3818 2252 1413 2470 869 7587 4611 3457 2059 1457 110 27 6 107 188 1487 21 44 1044 9 626 25 364 48 10 7 5 72 34 174 4 4 10 23 16 497 12 10 32 32 1522 278 921 12 16 15 1003 19 10 8 6 13 6 9 3 10 10 10 0 0 0 0 0 0 0 0 0 0 0 0 0 0 2 0 1 0 1 0 0 0 1 0 0 0 0 0 0 0 0 0 0 0 0 0 0 0 0 0 0 2 0 0 0 0 0 0 0 0
1 1 4 4 9 2 35 3 10 1300 2812 175 913 821 565 2047 3645 1554 3726 1279 186 102 6 6 1 2 54 77 1254 106 137 33 446 1440 1568 313 3860 3848 8563 8805 5422 9782 10763 14893 73598 1010 766 635 677 2793 1801 314 62 8 1447 329 624 5396 228 433 198 345 121 49 291 14 12 2 6 44 9 142 0 0 0 11 72 8 15 7 12 27 736 16 14 16 10 120 8 45 101 2 0 0 2 0 15 2 2 1 0 0 0 1 1 0 0 0 0 1 0 0 0 0 0 0 0 0 0 0 0 0 0 0 0 1 0 0 1 0 0 0 11 0 3 0 0 0 1 0 0 0 0 0 0 0 0 0 1 0
1 0 3 17 2230 36 789 185 160 137 14 5 1355 536 647 3933 4845 29 809 2404 1610 1360 1135 3 0 33 21 11 615 1478 1116 148 212 2012 1091 482 2662 650 1884 9727 1889 2155 1867 2358 5574 1759 2628 257 789 1276 1644 297 70 4 253 187 426 1040 229 3 4 396 11 19 1192 90 74 17 30 38 3 26 2746 0 0 3 98 401 106 49 171 151 64 149 82 11 97 1412 560 0 837 0 0 0 0 2 0 0 0 443 0 1 0 0 0 2 0 1 0 0 0 0 0 0 0 0 0 0 0 0 1 0 0 0 0 0 0 0 0 0 0 0 0 0 0 0 0 0 0 0 0 0 0 0 0 0 0 0 0 0
15 67 167 5 412 1 520 88 21 4 71 0 60 11 51 393 1587 221 5 42 3030 5 14 0 2 47 971 132 4557 160 611 226 1173 2235 309 1685 1236 11321 2407 13240 3760 342 2006 1342 2104 665 136 26 1153 387 1103 178 32 10 309 40 67 17 1 23 105 19 399 146 109 874 470 21 0 33 7 76 4 1 0 55 396 111 868 286 20 24 97 53 54 256 1065 103 0 0 245 3 1 0 0 0 0 0 0 0 0 0 0 0 0 0 0 3 0 0 0 0 0 0 0 0 0 0 0 0 0 0 0 0 2 1 0 0 0 0 0 0 0 0 0 0 0 0 0 0 0 0 0 0 0 0 0 0 0 0
11 9 3 0 1100 0 0 2893 21 469 782 48 592 23 107 26 27 198 2 948 2501 535 12 5 21 46 47 1175 981 72 1410 303 1267 5101 1673 1305 389 922 557 4394 613 288 985 141 3286 1090 51 259 100 1531 960 3069 286 901 905 15 708 120 49 44 219 73 24 4 40 269 9 4 3 33 6 237 2 23 38 13 148 12 27 1 653 3 9 0 3 7 1920 321 1375 4465 45 0 47 0 0 1 3 0 2 0 2 0 0 0 0 0 0 0 0 0 0 0 0 0 0 0 0 0 0 0 0 0 0 0 1 0 0 1 0 0 0 0 1 12 0 0 0 0 0 0 0 0 0 0 0 0 0 0 0 0
0 0 2 0 6 63 492 264 0 60 410 0 84 106 2 11 9 99 11 160 5683 255 13 1 60 33 252 730 2373 12 1026 144 523 1824 2866 125 274 499 292 6135 161 692 130 327 28148 2362 3790 983 599 1507 336 183 248 746 117 3 4 158 218 9 0 113 174 191 77 28 785 2504 1083 49 7 567 30 20 3 93 351 3 4 0 0 7 47 2 9 2571 5 1 0 1 124 8 6 0 0 0 2 29 1 1 0 0 0 0 0 1 0 0 0 0 0 0 0 0 0 0 0 0 0 0 0 0 0 0 0 0 0 0 0 0 0 0 0 0 0 0 0 0 0 0 0 0 0 0 0 0 0 0 0 0
0 1 1 1 0 0 29 5 0 0 23 1684 94 5 14 42 4 70 913 4673 2023 2 3 495 32 52 65 701 4753 3756 2713 1429 1788 2610 4729 2486 2724 21409 3249 7098 2660 1658 1444 4285 10094 3928 1849 180 509 374 45 156 391 43 288 1 1 5 59 58 893 137 1250 39001 2605 1230 1018 1543 23 803 20 62 15 6 234 852 266 4 1 1 0 93 13 51 27 40 6 37 0 1 34 1 0 0 1 1 1 4 0 0 0 0 0 0 0 0 0 0 0 1 0 0 0 0 0 0 0 0 0 0 0 0 0 0 0 2 0 0 0 0 0 0 0 0 0 0 0 0 0 0 0 3 0 0 0 0 0 0 0 0
0 18 0 0 3 0 3 444 0 19 2619 1888 509 1 15 150 186 110 294 846 3291 16 21 1044 1031 218 403 3070 9042 639 1763 250 159 322 2411 3323 4536 10105 3963 16618 4009 3158 7141 4282 2117 1404 4201 804 504 275 325 109 162 5 81 5 71 1394 1079 112 158 147 281 2269 294 2 27 86 30 206 98 42 12 9 157 5 151 5 5 1 0 185 2 1 0 1 0 54 0 71 71 0 0 0 0 0 0 8 0 0 0 0 0 0 0 1 0 0 0 0 1 0 1 0 0 0 0 0 0 0 0 0 0 0 0 0 0 0 0 0 0 0 0 0 0 0 0 1 0 0 0 0 0 0 0 0 0 0 0 0
3 0 1 0 0 1 0 26 86 420 8118 58 26 10 15 6 43 404 144 27 5309 2706 325 988 730 294 271 1306 9451 4205 3869 980 471 625 5049 6859 7878 14845 16722 53888 13852 9185 3156 2126 4062 1925 2396 3336 1048 978 1163 278 224 69 392 38 13 13 174 150 44 89 18 37 267 31 23 14 708 163 320 8 206 14 95 196 148 136 10 9 545 7 0 2 0 7 4 0 2 0 0 1 0 0 0 0 0 6 0 0 0 0 0 0 0 2 3 0 1 0 0 0 0 2 2 0 0 0 0 1 0 0 0 0 0 0 0 0 0 0 0 0 0 0 0 0 0 0 0 0 0 0 0 0 0 0 0 0 0 0
2 0 0 0 0 0 0 2 4 159 1 318 0 1158 54 48 49 33 8 2110 1437 1292 9829 2386 1261 4842 1898 7469 4174 1140 6571 6463 12776 13885 9476 15369 38794 18129 50232 6189 11927 11147 9657 10233 2578 3360 3285 2993 268 1030 198 1130 925 374 267 324 1409 179 815 343 1228 69 60 41 1437 766 565 225 53 816 218 122 18 13 138 112 10 283 148 1 23 4 4 2 5 2 11 3 0 2 0 1 0 0 0 0 0 2 0 0 0 0 0 1 0 0 1 0 3 0 0 2 0 0 1 0 2 0 0 1 0 0 0 0 0 0 0 0 0 0 0 0 3 1 0 0 0 0 0 0 0 0 0 0 0 0 0 0 0 0
1 0 0 0 0 2 0 4 1 0 530 457 1155 13 9 2 359 23 656 501 32 304 1631 2925 424 7089 4841 7266 4509 2085 3301 6013 3980 1007 7284 12623 17865 10233 22612 13595 13767 11769 8765 7550 3974 4076 1442 2092 1092 594 355 194 292 3 187 66 294 240 2298 40 207 746 49 2 789 4 838 32 1335 913 41 109 29 565 115 28 69 62 41 85 119 27 155 1085 0 7 635 0 0 0 0 0 0 0 0 0 3 3 2 0 1 0 0 0 0 0 0 1 8 0 0 0 0 0 0 0 0 0 0 0 0 0 0 1 0 0 0 0 0 1 0 0 0 0 0 0 0 0 0 0 0 0 0 0 0 0 0 0 0 0
0 0 0 1 1 1 0 5 1 1 163 0 20 478 1758 34 458 74 102 27 21 209 1208 3116 6829 24333 1257 3573 7330 7708 5336 9717 3698 3514 9256 8426 15655 14962 35888 20983 37665 30033 28036 20964 12692 2417 3343 1541 2845 5506 3796 1028 96 1481 122 373 345 169 237 167 546 388 20 4 187 244 5 58 208 2114 832 89 349 333 1 19 135 14 12 1322 167 22 103 3 10 1 0 2 0 0 3 0 1 0 0 0 2 0 0 0 1 0 1 0 0 1 0 0 1 1 2 0 0 0 0 1 0 0 0 0 0 0 0 0 0 0 0 0 0 0 1 0 0 0 0 0 0 0 0 0 0 0 0 0 0 0 0 3 0 0
0 8 2 0 0 2 0 4 3 3 11 0 4 9 2 160 378 16 16 5 109 136 523 24324 1913 2946 5097 5281 11214 6015 12197 2471 2535 3651 11014 13756 11795 5887 15557 25573 25930 28608 30311 21267 8315 7365 3252 1525 1235 3572 7182 1384 1443 143 126 1275 1021 201 1501 373 75 128 344 103 438 832 71 208 1650 149 324 481 89 19 4 204 19 6 53 34 10 227 1 13 4 2 1 1 10 0 0 0 1 0 0 2 1 0 0 0 0 0 0 0 0 0 0 0 0 0 0 0 0 0 0 1 0 0 0 0 0 0 0 0 0 0 0 0 0 0 0 0 0 0 0 0 0 0 0 0 0 1 0 0 0 0 0 0 0 0
8 0 0 0 0 0 0 18 12 1 27 0 5 3 1 72 611 78 5 6 136 20 252 167 739 925 3555 7873 3675 5391 16782 11918 10542 8648 18815 26962 24383 15965 12791 13418 21406 18598 12369 20178 5251 19542 12044 13191 3461 6607 8046 1140 1230 886 842 934 700 98 94 45 4320 25 492 18 263 539 122 249 1501 167 78 20 29 19 10 0 8 9 112 136 144 0 3 21 7 121 10 4 13 7 1 1 2 1 0 1 1 0 0 0 0 0 0 0 0 0 0 0 0 0 0 0 106 1 0 0 0 0 0 0 0 0 0 1 0 0 0 0 0 0 0 0 0 0 0 0 0 0 0 0 0 1 0 0 0 0 0 0 0 0
21 6 2 56 15 66 33 571 74 62 21 4 3 16 6 10 4500 1094 13 3 133 1621 312 1520 3680 10166 1423 8949 2643 3941 8808 5586 8492 5485 14905 17470 10158 1051 6983 11994 11230 12723 653 13845 18509 14762 18291 1676 6654 9534 1192 53 486 9 341 78 440 427 89 32 1289 1017 657 185 490 1545 332 757 48 11 25 0 18 3 10 76 14 211 9 1 37 0 3 1 0 0 0 1 0 5 0 0 0 0 2 1 1 0 0 0 0 0 0 0 0 1 0 1 3 5 0 2 4 2 0 0 0 0 0 0 0 0 0 0 0 0 0 0 0 0 0 0 0 0 0 0 0 0 0 0 0 0 0 0 0 1 0 0 0 0
0 1 46 64 8 23 0 29 2 129 22 7 4 0 9 260 263 44 0 0 121 10 191 713 849 285 3034 5680 3272 12979 20376 5438 6555 10729 25599 17612 20927 12945 14075 7292 268 11197 7520 8244 14813 42663 15244 6890 9110 2033 871 22 301 204 91 30 192 16 188 582 599 113 1278 2072 2129 1715 1005 737 55 10 515 12 23 0 50 210 46 4 0 1 1 1 0 0 0 40 3 0 2 4 3 1 0 0 0 0 4 0 46 0 0 0 0 0 0 0 1 3 1 0 3 0 0 0 0 0 0 0 0 1 0 0 0 0 0 0 0 0 0 0 0 0 0 0 0 0 0 0 0 0 0 0 0 0 0 0 0 1 0 0
0 0 106 0 0 0 0 1 62 1423 870 1038 156 3 46 100 426 6 2 3 784 108 768 876 1009 361 1007 3632 486 24455 32491 29094 23690 15036 21514 22103 25075 17389 27266 13696 352 23458 18884 23402 24329 32493 17579 8269 5935 539 1681 2237 265 71 120 220 205 30 479 432 106 25 2229 819 1075 2658 678 4093 265 64 197 20 22 52 78 53 2 8 0 2 0 0 2 0 2 0 0 0 0 7 2 2 2 2 3 5 36 134 72 1 3 0 2 0 59 3 4 2 0 0 0 0 1 0 0 1 0 3 0 0 0 0 0 1 0 0 0 0 0 0 0 0 0 0 6 0 0 0 0 0 0 0 0 0 0 0 0 0 0 0
2 0 59 0 0 0 0 0 1 97 711 1234 70 278 133 141 338 1089 512 353 1391 138 3606 2867 3889 12926 5154 8289 3124 13372 15078 19466 26973 27956 41759 39105 40436 31906 18439 15191 27367 21873 15379 14453 7752 21343 4995 8351 6327 798 1390 4641 181 148 36 87 398 15 128 3384 535 87 1194 3279 4690 3130 2289 6382 357 148 9 3 29 45 19 194 8 9 6 1 0 1 0 0 1 0 2 0 0 0 1 1 0 0 0 3 5 36 6 4 0 1 0 0 1 0 0 0 0 0 1 0 0 0 0 0 0 3 1 0 0 0 0 1 0 0 0 0 0 0 0 0 0 0 0 0 0 0 1 0 0 0 0 0 0 1 0 0 0 0
1 1 11 0 0 0 3 0 0 0 349 30 3 56 65 5 18 638 15 7 889 3365 6343 2208 3794 5239 49499 8444 3603 9099 36824 62653 23464 26558 33745 13788 24453 13319 6564 5086 11257 41994 37372 34074 13890 37807 19855 6507 4702 2628 467 1157 234 1554 79 36 2797 1606 168 744 110 5 887 3644 2085 1552 1975 4038 246 22 6 9 272 408 38 1252 55 0 13 1 0 3 0 0 0 0 0 0 28 0 1 0 0 0 0 3 3 2 0 0 0 0 0 0 1 0 0 1 3 0 0 0 0 1 0 0 2 1 0 0 0 0 0 0 0 0 0 0 0 0 0 0 0 0 0 1 0 1 0 12 0 0 0 0 0 0 0 0 0 0
0 1 74 51 0 0 0 1 49 55 237 100 25 11 1 5 235 23 96 43 1935 6753 11265 6012 1860 1655 8393 19253 2055 6169 10999 14782 16555 12873 18075 38673 42648 20357 18099 13689 24719 37101 20378 19425 6673 23791 11149 20116 9031 2318 2049 735 635 202 72 646 5445 1294 207 1169 184 81 4683 3709 2855 2538 3031 230 129 68 122 60 1317 252 10 19 0 2 11 5 13 1 0 3 24 0 0 1 4 9 3 1 81 8 6 1 0 0 2 1 0 25 3 0 0 0 0 2 0 4 0 0 1 0 0 0 0 0 0 0 0 0 0 0 0 0 0 0 0 0 0 0 0 0 0 0 0 0 0 0 0 0 0 0 0 0 0 2 0 0
0 22 0 0 2 0 0 0 11 1282 2037 139 12 238 0 185 424 2196 5236 3999 6528 8907 3961 6173 11309 6343 20963 17112 8772 19990 38863 38479 12911 20940 18107 37483 28134 28813 26627 16912 29966 37690 94615 34396 28558 64659 27036 32452 18708 5742 10324 6380 2240 2138 3493 1856 3611 1533 424 2428 3381 3868 3849 2727 2753 3530 2832 89 99 26 306 28 904 147 27 72 0 0 19 0 1 1 1 1 1 2 2 1 0 0 0 3 0 2 7 1 0 0 0 0 0 0 0 0 0 0 0 0 2 0 2 5 1 0 0 3 0 1 0 0 2 0 0 0 0 0 0 0 0 0 0 0 0 0 0 0 0 1 0 0 0 0 0 0 0 0 0 0 0 0
2 0 2 0 0 0 0 1 1 987 732 793 16 66 2 6 298 219 3061 4576 2623 1141 2683 270 3481 2127 6220 4707 4506 15521 24022 8661 9998 50067 19654 46431 32449 16893 1160 3763 20429 18249 23884 11240 18651 45559 21068 17323 16131 1213 3955 7617 5568 4078 6050 3094 6732 4625 7468 6256 2438 2009 1718 1115 1893 3936 613 373 579 40 1046 848 236 685 11 7102 2 0 3 2 0 0 0 3 0 0 0 0 1 2 0 1 19 2 4 3 0 0 0 0 0 0 1 0 0 0 0 1 0 2 1 37 0 0 2 0 0 0 0 0 0 0 0 0 0 0 0 0 0 0 0 0 0 0 1 0 0 0 0 0 0 0 0 0 0 0 0 0 0 0
0 0 1 1 0 0 0 1 0 10 11 172 8 166 4 11 789 238 5255 6063 4030 119 323 306 29768 4122 6082 7199 4241 10859 10567 148 4090 12095 16389 30724 12357 8858 1195 3166 22108 30147 25980 13717 12894 37378 13663 27177 22514 24435 15897 16094 10033 8420 10661 4892 9711 7576 6813 1259 44 562 1216 2505 2515 3276 98 2153 1644 243 578 214 238 13 1 7757 11 0 25 9 0 3 1 2 0 0 0 0 0 0 1 4 3 0 2 0 0 2 0 0 0 0 2 2 0 0 0 0 0 0 0 0 0 0 0 0 0 1 0 0 0 0 0 0 1 0 0 0 0 0 0 0 0 0 0 0 12 0 1 0 0 0 0 0 0 0 0 0 0 0
0 1 3 1 0 0 10 51 1 3 47 340 534 13 584 1236 3732 1099 2448 3293 1691 681 1135 319 2043 7398 9324 10168 17363 15905 25011 11578 16887 16194 25042 27934 14675 13029 9846 9853 17447 29983 38606 46617 38059 39985 16975 28676 13718 15228 8491 9382 4487 2943 6030 3899 2439 3394 2747 541 4429 64 144 2314 7490 945 438 1212 154 68 121 93 413 25 23 23 19 2 23 71 1 0 0 1 0 0 0 0 0 0 0 2 0 2 0 0 0 0 0 0 0 7 1 1 0 0 0 0 0 2 0 1 0 0 1 0 0 0 0 0 0 0 1 0 0 0 0 0 0 0 0 0 0 0 0 0 0 0 1 0 0 0 0 0 0 0 0 0 0 0
0 0 0 1 56 579 695 65 18 5 2477 1551 125 1318 628 2410 3192 5535 7839 4277 914 255 798 1692 5760 3479 6554 7938 9079 6144 13616 8046 16999 12125 13805 15069 9753 5448 3099 7253 8205 15463 19315 25393 24072 30559 22954 16767 5301 11425 2602 3959 5386 2443 374 274 550 8404 4980 628 175 972 1125 735 4897 969 835 2129 1356 503 922 44 123 579 1 604 268 2 1 5 4 0 0 0 0 3 1 0 1 0 2 0 0 3 0 0 0 0 0 0 0 1 2 0 0 0 0 3 0 1 1 0 0 0 0 0 0 1 0 0 0 0 0 0 2 0 0 0 0 0 2 0 0 1 0 0 0 0 0 0 0 0 0 0 0 0 0 0 0 0
2 0 0 0 0 431 519 3851 1955 3470 3353 2226 290 782 1035 2929 2121 464 5181 2991 1489 268 895 510 2830 901 2236 5876 6285 10955 16215 9830 18928 13418 31552 30459 18286 19373 13146 17762 17005 30553 42093 27516 37821 47465 22750 19663 15319 18393 5634 985 275 1118 94 563 479 4630 1327 14 94 51 9 13 458 761 258 1159 2667 106 6 2 55 471 56 130 9 1 10 6 0 61 49 0 0 1 2 5 14 3 0 0 0 2 0 0 0 1 0 3 0 0 4 0 1 5 1 12 3 0 2 0 22 2 1 0 0 0 0 0 1 0 0 0 0 0 3 0 0 0 0 0 0 0 0 0 0 0 0 0 0 0 0 0 0 0 0 0 0 0
0 0 1 0 0 1 235 571 2102 1301 934 1017 1904 700 564 80 653 1357 150 515 387 22 90 55 1090 1174 932 5882 4444 5902 15759 9851 28468 15295 47327 39163 15735 5413 11446 12441 19635 33011 40373 25847 17723 12972 8263 323 6355 6674 7004 2106 3390 3616 923 391 235 158 553 60 26 7 5 5 1279 29 330 182 705 3304 484 24 74 51 75 1957 57 14 11 11 24 7 61 2 1 0 0 2 0 0 3 0 2 5 1 0 1 0 14 0 11 0 1 186 0 2 1 0 2 1 2 0 0 0 0 0 1 0 0 1 0 2 0 0 0 0 0 0 0 0 0 0 0 0 1 0 0 0 0 0 0 0 0 0 0 0 0 0 0 0
1 0 2 0 1 0 0 898 2563 2866 2300 11 423 601 536 0 47 3886 107 2030 2241 160 86 239 297 61 5514 8370 6842 9003 21649 3394 3495 2793 15056 33619 16230 8947 13494 6415 9943 19076 24323 21608 19524 25120 15203 83 5190 611 2758 1571 2125 4142 445 308 32 530 371 91 40 2 5 6 1328 49 40 95 117 70 27 875 527 420 541 2456 377 216 248 453 215 84 115 11 0 0 1 7 1 0 1 0 0 1 2 0 0 1 35 0 0 0 3 0 0 2 1 0 0 0 1 0 0 0 0 0 1 1 0 0 0 0 3 0 0 0 1 0 0 0 0 0 0 0 0 0 0 0 0 0 0 0 0 0 0 0 0 0 0 1
0 0 0 0 0 0 0 0 807 2190 168 74 614 1600 184 2 0 131 666 3222 44 451 1069 2418 1903 2470 4156 8293 9136 4324 11400 11634 2788 10689 8152 18654 35805 33609 29411 25740 36547 44606 25163 23139 29330 38048 12508 55 5661 102 2697 203 443 547 5384 1630 30 501 1562 4098 13 5 4 12 253 42 9 70 691 13 15 224 833 1089 21 47 307 10 35 236 23 23 23 50 39 41 28 39 18 0 1 4 24 3 0 0 0 1 0 0 2 0 3 0 0 0 2 0 0 50 0 0 0 0 0 0 0 0 0 0 0 0 1 0 0 0 0 0 0 0 0 0 0 0 0 0 0 0 0 0 0 0 0 0 0 0 2 0 0 3
0 0 0 1 0 0 0 0 76 989 327 956 1573 135 9 5 1 3 243 14 376 1529 545 1271 323 8222 2073 8690 5306 4923 14090 17998 4619 5770 10159 19663 13622 15501 12792 3665 12660 22904 11745 20728 42781 38833 18413 9014 8738 15360 4339 336 1392 423 1240 428 72 708 330 1668 1 4 4 5 93 178 0 3 399 15 15 12 270 24 5 6 3 14 32 30 902 10 2 1 0 1 0 424 22 52 59 23 1 1 0 0 0 59 2 1 0 0 1 0 0 3 244 0 2 6 3 10 11 0 3 0 1 2 0 0 0 0 0 0 0 1 0 2 0 0 0 0 0 0 0 0 0 0 1 0 0 0 0 0 0 0 0 2 3 0
0 0 0 0 0 1 3 7 0 265 1534 2148 593 1757 55 3 1 4 21 19 384 152 279 47 431 31 221 7833 17162 12475 12741 5186 7753 14180 17734 11535 13003 58069 8279 11559 25695 29177 19503 24611 35607 16994 7232 10345 17530 15856 2246 451 4511 1194 879 254 4183 425 18 116 19 52 961 2 967 1897 0 23 53 27 11 2 15 37 6 3 8 6 28 39 11 2 1 1 1 1 1 1 199 0 3 5 56 44 32 5 1 1 2 2 0 0 1 0 0 0 2 0 0 3 15 4 0 0 8 11 0 0 1 0 0 0 0 0 0 0 1 0 0 0 0 1 0 0 0 0 0 0 179 0 0 9 0 0 0 2 1 1 0 0
1 0 7 1 3 0 4 9 1 156 2445 2484 7 14 89 2 3 3 0 116 352 138 8 122 1519 11 682 5805 1408 8143 18953 28743 28259 12379 15559 11715 12321 14565 14713 14397 11070 10615 7138 27621 16220 5718 7797 9749 13594 20033 1046 775 3126 2634 2213 177 1580 3 2 23 5 4 31 1 345 1656 15 63 140 4 10 0 25 139 6 3 31 1 53 53 1 0 0 1 1 2 1 2 1 1 3 0 0 0 257 25 36 14 0 0 0 0 0 0 0 0 0 0 0 0 2 0 0 0 0 0 1 0 0 0 0 0 0 1 0 1 0 0 0 0 0 0 0 0 0 0 0 0 1 1 0 0 5 0 1 2 8 0 0 0
10 0 3 0 2 7 6 13 1323 234 15 25 4 0 0 3 1 2 0 7 1006 144 397 124 326 613 6902 3247 545 5426 7156 11693 10010 15805 12687 7076 20349 30517 22630 29844 27485 35161 19011 10287 6430 10522 17821 15241 31282 22447 2062 427 4279 2724 1905 832 476 126 72 23 18 4 93 4 36 69 111 2457 712 12 6 1 150 801 295 2 62 16 8 1 1 1 0 3 0 0 0 0 7 1 3 0 4 3 53 0 0 10 35 32 0 0 3 0 1 1 1 0 0 3 0 0 0 1 0 0 0 0 0 1 1 0 1 4 2 0 0 0 0 1 0 0 0 0 0 0 0 0 1 1 0 0 6 2 1 0 0 0 0 0
451 14 25 0 76 51 3 0 19 98 4 0 6 2 9 4 1 1 5 141 443 1122 1117 606 481 3719 3357 1080 1536 5687 11370 16048 19275 14528 21280 9376 19732 24856 22338 11217 12571 17603 3386 1514 5402 10888 19517 17573 9144 7580 5869 7877 14579 4212 1824 2682 1487 28 353 12 4 13 23 1 60 3 104 147 154 24 6 0 2 7 56 1 5 2 2 3 2 6 0 2 1 2 0 4 2 1 0 0 0 1 0 1 1 2 1 15 72 0 16 3 15 5 20 7 10 4 0 2 1 0 0 0 0 2 0 0 0 0 0 0 1 0 0 0 1 0 0 0 2 0 0 0 0 0 1 0 0 2 0 0 0 0 0 0 0 0
1 9 5 13 953 4 40 10 1434 53 1 1 1 6 2 3 3 0 0 24 1602 124 87 149 291 488 98 355 2256 3013 12623 16669 12620 2721 4860 11925 16170 13310 9833 189 20979 20302 6361 4211 14077 5824 14225 16194 10365 3425 773 906 1707 581 1207 104 327 488 1106 1399 116 22 3 44 528 3 65 15 8 546 7 2 4 11 3 9 28 0 10 5 4 3 1 3 1 0 0 0 1 1 0 1 7 0 1 0 1 3 58 0 22 28 27 53 16 24 6 4 1 9 0 0 0 0 0 0 0 2 0 0 0 0 0 0 0 5 0 2 0 1 0 0 0 5 0 0 0 1 8 3 0 0 0 0 0 0 0 0 0 0
0 12 0 4 53 0 34 10 1676 50 1 1 0 3 1 0 2 0 0 0 2320 212 115 33 603 250 28 123 340 6071 13353 15695 13406 10041 18754 8705 13799 18550 13097 9599 20316 27967 12045 10998 3708 15144 17543 14405 14544 3940 4837 37 104 41 16 1866 487 24 230 44 301 575 284 347 766 179 939 1124 2534 1199 77 53 58 73 14 9 26 0 4 2 0 272 16 0 6 7 5 0 13 0 0 0 1 0 2 0 5 4 0 0 7 1 0 54 122 231 54 2 1 1 1 2 0 1 0 0 0 1 0 0 0 0 0 1 0 1 0 0 0 0 1 1 0 1 2 1 1 0 0 0 0 0 0 0 0 0 0 0 0 0
0 1 6 9 31 7 10 16 44 30 0 2 1 0 2 0 0 0 2 381 1364 1940 952 198 247 37 30 537 1652 4119 1544 7528 15126 19084 9294 10542 9242 9655 2427 7292 13997 15812 6209 4103 3913 11559 18962 9787 16275 674 993 27 41 6 12 101 289 28 9 5 6 9 75 7 42 4 157 1165 1366 193 1 20 114 33 1232 449 10 1 3 7 6 2 1 0 3 1 3 0 1 2 0 1 1 0 0 0 4 7 0 0 9 1 1 14 46 8 5 20 112 7 5 1 0 0 0 0 0 0 3 0 0 7 1 2 4 29 7 0 1 2 1 0 0 1 0 0 0 0 0 0 0 0 0 0 0 0 0 1 0 0
1 4 10 0 27 2 2 0 8 1191 0 3 17 1 0 1 0 2 0 593 531 279 851 393 73 255 24 1078 4939 4657 1061 3291 3975 8145 3359 3677 5482 8916 2167 5735 24598 13742 1487 229 7561 14891 30655 6385 6227 16823 4613 64 76 5 35 247 2 585 24 447 56 1 15 10 64 6 114 824 40 42 2 14 8 1094 1342 250 7 4 0 202 69 0 0 0 6 21 2 1 2 1 0 1 1 1 2 0 419 9 3 0 32 2 1 2 1 14 4 5 17 1 80 8 2 3 0 3 0 3 2 2 5 0 0 0 1 0 0 1 0 0 0 0 0 2 0 0 0 0 0 0 0 0 0 0 1 0 0 0 0 0
0 13 1225 7 7 4 3 22 14 84 64 18 471 1 1 0 0 2 4 0 292 21 21 355 931 397 689 4296 3718 429 526 3022 191 5625 10235 3149 12196 5508 879 4211 9904 7317 1266 94 1148 11798 18175 6969 4613 10802 2063 1964 1526 89 542 732 573 2920 141 806 29 2 16 6 63 45 1641 1221 107 149 5 11 13 1028 1867 297 4 2 0 1 22 1 2 2 12 22 5 1 0 0 0 0 0 0 1 2 2 5 0 1 5 2 7 5 6 6 3 1 13 1 0 0 0 0 12 9 4 15 0 0 0 0 0 0 0 0 0 1 0 0 0 1 0 0 1 1 0 0 15 0 0 0 0 0 0 0 0 0 0 0
45 67 28 23 0 9 0 0 3 10 363 1268 257 9 0 0 1 1 7 4 802 18 19 13 310 1244 1976 1951 2580 20 29 2615 503 4196 9353 15647 6157 873 2241 4549 11066 4335 846 570 1612 2752 9530 6394 9816 34275 18404 2471 2659 1206 884 611 947 2217 12 0 1 1 5 11 96 180 87 4 1557 2353 10 2 133 2 655 6 1 0 0 2 0 1 0 5 1 0 2 3 3 0 0 0 0 1 0 0 2 24 1 0 2 0 6 22 3 1 1 0 7 0 0 0 0 0 0 0 0 0 0 0 0 3 0 0 0 0 0 0 1 0 0 0 0 4 0 0 0 0 1 1 0 1 0 0 0 0 0 0 0 0
8 0 0 0 0 8 1 0 56 2 6 0 1 222 0 1 0 1 3 0 4893 5 10 27 108 38 378 1184 2008 207 99 4272 1358 2050 10749 6575 2437 116 60 40 1365 1066 210 196 646 7438 11423 8624 10557 15924 99576 2844 85 57 34 758 334 47 18 10 5 5 37 26 30 3 140 4 35 93 15 382 75 2 14 2 0 64 3 1 2 4 9 3 2 2 0 0 1 11 4 1 0 0 0 1 8 0 1 14 5 2 7 2 5 63 2 0 11 2 1 1 0 0 0 0 0 0 0 0 0 0 0 0 1 2 0 0 0 2 0 0 0 0 0 0 0 0 0 0 0 0 0 0 0 0 0 0 0 0
0 0 0 1 1 4 0 3 0 0 4 0 0 0 0 0 8 0 8 0 14005 12 16 7 17 67 1152 2540 1591 332 1592 2646 222 3860 6303 3511 1372 168 12 16 591 1595 66 1235 1867 2609 2918 90 1590 319 530 6899 2720 140 55 664 4 51 11 10 0 580 10 58 1 0 820 1143 1022 2 0 8 6 2 236 1 1 3 0 1 12 4 0 10 4 4 0 18 0 0 2 1 2 12 6 2 39 4 54 7 1 1 7 0 9 12 6 21 9 4 2 1 0 0 0 0 0 0 0 0 0 0 0 0 0 0 0 0 1 1 1 0 0 0 0 0 0 0 0 1 0 0 0 0 0 0 1 0 1 0
1 0 2 0 3 0 0 0 0 0 7 0 0 0 0 0 1 6 0 2 10158 75 13 11 12 123 2386 4046 1618 3956 3272 174 1397 1874 9191 3190 550 592 676 594 3056 3528 1702 29564 1193 798 3516 2676 5844 2133 2981 4670 2726 4336 1222 816 12 36 1 1 31 79 19 122 1 0 171 30 2 2 6 19 0 5 2228 3 0 18 4 2 0 5 83 1 0 1 0 0 1 6 0 0 2 2 2 2 0 1 1 12 43 2 3 5 7 8 4 18 2 21 0 0 0 2 0 0 0 2 0 0 0 0 1 1 0 0 0 0 0 0 1 2 0 0 0 0 0 0 0 0 0 0 0 0 0 0 0 0 0 0
0 0 0 0 6 1 0 0 0 3 7 0 0 0 0 0 1 33 3 2 889 56 67 0 6 38 3876 2359 1288 387 3797 2121 27004 10715 12395 4214 405 150 79 2 3499 7445 383 985 268 872 106 207 5412 232 493 1953 1079 524 6279 3441 75 46 152 8 14 487 147 49 1 968 1534 13 1 5 11 383 12 2 25 1 1 13 652 8 1 5 70 2 2 2 0 2 1 0 1 2 2 3 2 0 18 12 0 11 2 1 117 6 3 14 0 48 0 0 2 4 0 0 0 0 0 1 1 0 1 0 0 0 0 0 0 0 0 0 0 1 1 0 0 0 0 1 0 0 0 0 0 0 0 0 0 0 0 0
2 0 0 0 9 0 0 0 0 2 1 0 1 0 0 0 138 40 14 274 1174 214 307 466 135 12 1975 1180 2682 847 6406 6797 3009 5760 7703 8072 5322 59 97 427 1848 5545 809 3611 233 544 680 38 98 410 2156 5681 3398 354 120 3214 5819 279 1526 351 453 954 523 351 109 117 414 13 9 9 5 5 69 2 321 58 0 9 29 8 0 4 0 66 3 2 0 0 0 1 1 1 2 4 4 0 1 0 0 9 1 3 2 14 11 1 1 12 0 0 0 0 0 1 1 1 0 1 0 1 0 0 0 0 0 0 0 0 2 0 0 0 0 2 5 4 0 0 0 0 0 0 0 0 0 0 0 0 0 0
0 1 0 4 184 0 0 0 0 2 8 1 3 2 3 0 10 2925 1716 508 1415 405 197 26 96 645 618 26 332 262 3841 3137 2325 9023 3023 1299 510 13 9 163 3108 7905 2540 459 196 777 4809 1343 698 1338 445 234 4005 117 29 407 4709 621 280 47 128 3 6 86 20 475 1772 106 163 507 279 2912 2206 836 651 1 10 796 9 33 1 90 15 0 0 2 2 0 0 49 0 5 92 16 150 0 1 0 47 9 0 26 0 17 0 1 1 28 2 0 0 0 0 0 0 1 0 3 1 0 0 1 0 0 0 0 1 0 0 0 0 0 0 0 0 0 3 4 3 8 3 0 3 0 0 0 0 0 0 0
0 0 0 2 3 0 13 0 3 4 2 4 509 0 2 21 51 275 237 178 489 155 390 976 1155 1215 40 6 169 1438 2865 1210 1663 1978 4589 29 90 4 1 1300 3880 1247 1984 5 44 645 475 314 15 6 31 1503 3822 107 46 524 627 5894 1845 556 183 28 28 54 0 126 77 1 33 16 13 10 1042 1036 555 2 586 0 6 16 1 11 8 1 1 6 60 0 0 2 0 102 3 16 1 4 1 1 14 39 157 4 1 78 42 0 29 43 0 1 0 0 0 2 37 1 0 0 0 0 1 2 0 0 0 0 0 0 0 0 1 0 1 0 0 0 0 4 2 13 0 1 0 0 0 0 1 0 0 0
0 1 0 7 0 0 0 1 0 0 1 58 1373 33 24 199 787 129 148 3231 20 35 120 297 1674 624 340 105 343 2020 2328 2237 9873 1423 438 288 131 6 4 169 2579 141 130 59 508 559 25 199 7 10 45 132 1497 763 11 677 134 12437 4692 163 23 121 94 0 4 92 1 0 22 169 2779 3 13 399 32 0 471 2 1 3 2 0 2 8 1 5 3 4 0 9 19 3 0 3 1 1 55 165 334 1020 25 69 0 6 208 4 18 13 32 27 0 0 0 7 0 1 0 0 0 0 0 0 0 2 2 0 1 0 0 0 0 0 0 0 0 0 1 0 0 1 0 1 0 4 0 0 0 0 0 0
0 0 0 5 1 0 0 0 0 0 0 32 964 1157 2 316 322 1 20 16 32 36 4 164 204 185 99 11 310 1891 910 429 5858 1049 146 98 173 663 747 593 5589 798 63 17 11 1010 47 178 6 16 32 160 493 5096 28 694 76 366 8593 4 20 67 306 30 15 178 3 1 7 103 626 61 9 8 23 2 23 1 5 70 8 155 2 1 0 1 10 10 2 2 5 16 258 31 42 41 636 208 408 404 955 697 18 7 2 26 28 2 11 50 0 12 0 0 0 0 3 0 0 0 0 0 0 0 0 0 0 5 0 0 0 0 0 1 0 0 0 0 0 111 1 1 0 0 1 0 0 0 0 2
0 0 0 3 0 0 0 0 0 0 3 1449 205 11 197 220 22 0 11 3 10 859 13 120 514 2 84 24 399 119 166 2330 946 5557 4046 1989 1989 2856 458 161 2489 3553 2329 641 72 189 29 362 110 492 63 153 19 1890 1948 2279 3395 10295 9967 7 8 10 235 1137 114 718 140 149 155 249 154 262 5 121 1107 278 42 1 108 68 22 1779 6 1 0 40 0 12 2 3 6 4 119 0 2 623 1296 24 180 90 90 5 19 745 2 2 0 39 4 0 1 0 1 0 0 0 0 0 1 0 0 0 0 0 2 0 0 0 0 0 1 1 0 0 0 0 0 0 0 0 0 0 0 0 2 2 0 0 0 0
0 1 0 13 585 0 0 0 0 3 1 1115 32 122 1411 152 99 42 91 42 77 749 31 606 585 1 159 454 1103 97 88 2504 1352 1213 1821 500 1620 1228 162 198 5163 2291 3671 1723 4 34 1 170 4 45 13 5 111 728 6303 2169 15664 33524 3116 3 2 1 162 76 549 398 3 18 4 19 8 57 162 194 136 294 245 168 155 187 24 45 9 10 294 672 2 6 0 3 75 2 5 0 5 3 0 18 1 451 561 0 653 1414 827 4 6 354 27 1 16 0 0 0 0 0 0 0 0 0 0 0 0 0 0 0 0 0 0 0 0 0 0 1 1 0 0 1 1 0 0 1 2 0 0 0 1 0 0 0
0 0 2 7 1 1 1 0 2 0 53 31 0 30 16 54 1 3 11 2 1 54 166 287 255 13 129 100 118 434 831 5205 1647 1048 337 1487 3651 81 9 56 4160 1594 2924 1914 1153 77 25 153 6 4 33 86 560 441 16487 4591 114483 28173 7939 2 0 7 19 4 1 61 1 4 0 21 22 30 0 0 147 140 17 1 6 147 118 225 97 171 57 8 16 462 0 570 260 1 8 1 4 9 2 172 110 261 58 1 0 427 725 116 2008 20 17 3 3 0 0 0 1 0 0 0 0 0 0 0 0 0 0 42 0 0 0 0 0 0 0 0 0 0 1 2 0 0 0 0 2 0 0 0 0 5 1 0
29 0 0 10 0 0 0 1 0 86 0 337 2 48 20 1474 2 118 48 8 0 1453 45 56 135 142 567 7 157 5329 2912 6808 2924 958 1051 1538 2668 231 151 64 4580 3428 3720 1471 51 17 68 131 15 33 23 174 254 87 3883 1401 1073 34037 37924 14 2 2 21 2 4 117 126 1 6 51 108 9 0 2 1488 247 11 3 1 11 0 16 9 37 50 104 84 75 71 79 136 57 9 73 98 130 130 87 428 93 127 96 4 664 47 2 12 12 40 2 0 15 8 3 1 0 1 1 0 0 0 0 0 0 0 0 0 0 0 0 0 0 0 0 0 0 1 1 2 1 2 0 0 0 0 0 0 0 0 1
0 0 0 1 0 0 0 0 3 56 0 47 1143 161 36 101 668 92 9 1 0 62 762 100 55 187 327 15 991 1244 1507 2122 1694 1277 6591 1105 2610 201 285 209 1737 47 63 1433 746 484 317 172 11 27 135 193 222 17 1874 387 327 7444 16922 11 8 5 64 37 31 108 6 25 8 26 33 17 9 6 575 14 47 19 2 15 2 227 7 18 1 3 71 337 7 44 1443 403 60 124 96 44 27 1014 113 392 234 25 183 84 160 8 180 402 35 174 1696 422 448 4 0 1 0 0 0 0 0 0 0 0 0 0 0 0 0 0 0 0 0 0 0 0 0 1 0 0 0 1 4 1 0 1 0 0 0 0
0 0 0 0 0 0 0 0 0 0 3 34 43 1000 5 18 0 39 111 105 2 49 8725 62 39 26 200 284 226 9210 303 491 1014 1118 389 1551 347 79 1330 285 1798 1120 202 1088 168 1235 335 180 31 63 79 854 54 11 120 929 95 1281 40 0 1 15 11 11 6 69 70 197 27 10 51 14 3 3 46 36 23 183 995 21 20 4 2 28 13 2 1378 512 1 1 175 2 16 544 11 10 10 13 7 137 6 1 144 1037 1183 277 102 1022 230 2904 3230 250 0 0 6 0 0 0 0 1 0 0 0 0 0 0 1 0 0 0 0 0 2 1 0 0 1 0 0 0 0 0 0 1 1 0 1 0 0 0
0 0 1 0 0 1 0 0 1 0 4 46 6 27 2 40 2 32 0 72 661 547 14 32 10 19 2 74 244 856 182 78 36 891 60 263 126 117 1 2 513 179 53 52 8 0 5 1758 771 570 945 79 6 23 205 1482 59 334 118 17 11 18 29 16 9 94 15 104 10 107 12 0 5 8 152 10 9 764 6 5 507 47 614 933 126 0 1 17 0 6 32 4 31 0 1 641 298 371 2 50 32 0 2935 246 794 701 812 36 17 301 11 12 1 1 3 1 0 0 1 0 0 0 0 1 1 0 0 0 0 0 0 0 0 0 0 0 0 1 0 0 0 0 1 0 19 16 0 0 2 0
0 0 0 0 0 23 0 0 1 9 35 1940 79 65 17 139 3 6 55 6 6 2888 69 15 27 149 3 31 274 379 1 38 21 79 101 484 835 156 3 45 346 5 71 42 8 10 5 105 251 123 2398 932 743 298 146 1841 159 452 35 6 7 14 43 59 75 377 164 139 184 395 145 1 2 30 314 106 191 1568 159 72 1 1424 1880 22 0 27 12 143 1 4 78 22 26 0 55 31 303 51 6 71 389 541 262 932 314 921 708 82 1 205 17 1 8 0 3 0 3 0 0 0 0 0 0 0 0 0 0 0 0 1 0 0 0 2 1 0 1 1 0 0 0 0 1 0 0 0 0 0 0 0
0 0 0 0 0 0 0 0 3 1 7 299 2 21 264 74 0 1 2 7 61 39 14 3 2 171 3 10 558 10 4 73 77 23 24 614 165 247 2450 364 1034 711 5051 1580 268 42 0 112 100 3 12 87 55 825 1788 1508 108 698 279 3 9 42 399 12 22 5355 174 79 67 262 58 62 119 73 1308 3040 6 59 109 59 45 549 32 78 37 41 29 111 16 102 22 13 0 7 35 0 478 10 161 163 0 1 1 2 59 1758 1361 25 1 409 741 12 4 18 11 6 0 1 1 3 0 0 31 0 0 0 0 0 0 1 0 0 0 0 0 0 0 0 66 0 0 0 0 0 0 0 0 0 0 0
0 0 2 1 0 0 1 0 0 2 10 1189 18 13 4 47 0 2 0 4 58 54 1 7 2 3 13 1804 588 64 2 1080 154 20 16 255 91 22 988 35 324 1199 96 1292 46 85 46 208 56 4 10 474 122 84 785 2485 201 214 114 22 3 44 67 163 242 7652 1195 48 472 223 17 1 10 2 360 7 11 2 973 1042 536 2071 0 3 1 17 25 35 34 259 2 11 1 4 67 64 0 154 406 554 8 81 4 0 1 200 68 146 1043 3566 2061 100 2 19 0 0 2 11 0 2 4 0 0 0 0 0 0 0 0 0 1 0 0 0 0 1 1 0 0 0 0 0 0 0 0 0 0 0 0 0
0 0 1 0 0 0 2 0 0 17 11 161 18 2 40 16 0 0 15 4 85 1298 93 8 7 0 13 1899 3 73 137 97 1051 99 3361 387 718 70 148 64 1193 127 69 3 1057 39 1621 429 152 21 13 171 69 188 203 3090 81 433 5 3 80 42 112 120 5121 8277 2116 937 103 5 2 15 8 0 312 0 4 196 11 9 12 286 5 10 2 0 0 4 88 1 4 389 14 0 3 1 5 142 41 17 892 111 1053 3 3 761 3888 118 320 2287 33 16 1244 71 1 5 0 4 0 0 1 0 0 2 0 0 1 1 0 0 0 0 0 1 0 0 0 3 1 0 0 0 0 0 0 0 2 0 0 0
0 0 0 0 0 0 0 0 0 0 0 1073 34 2 6 20 0 2 4 2 17 149 47 56 27362 390 2031 2021 31 8 13 4 32 6 31 13 7 5 17 0 766 1079 337 287 242 318 326 221 66 76 103 133 70 1734 446 1900 2394 2714 1349 1222 4441 2198 2608 3375 3129 1407 3764 6282 411 29 9 19 847 9 723 555 3 2 6 5 24 58 4 8 140 243 1 70 815 13 1 15 881 119 6 3 440 96 38 13 636 0 516 7 6 387 665 1032 417 1525 207 55 104 44 1514 470 439 288 1 7 0 0 0 4 0 1 0 0 0 1 0 3 1 0 0 0 0 0 0 0 0 0 0 0 0 0 0 0 0 0
0 0 0 4 0 0 0 0 0 1 0 190 766 15 0 26 0 63 17 85 62 9 3 1 0 885 4448 1358 0 6 10 721 85 15 10 20 4 4 12 58 403 176 6 82 101 50 1 32 54 41 20 379 30 107 158 195 650 73 44 85 199 141 1779 674 3376 1366 2922 5 938 1135 594 1723 808 411 78 256 23 0 9 0 59 69 0 27 400 1282 11 0 9 621 2 8 14 16 1 0 2 467 1304 182 1757 41 79 1 11 760 86 2755 333 12 1090 76 984 15 2265 855 2093 2586 3 2 0 0 0 47 18 0 0 0 0 3 0 0 0 0 0 1 0 0 1 0 0 0 0 1 3 0 0 0 0 0
0 0 0 0 0 1 2 0 0 0 0 234 1272 47 39 1510 19 5 2 2 10 0 19 0 0 13 1957 4385 36 0 0 1 25 42 16 766 3 6 11 66 428 1337 7 6 3 297 9 41 2671 287 5 59 16 18 330 16 38 1017 133 122 305 1501 2783 2391 3096 1097 688 220 1347 3402 1176 4232 36 1187 160 270 24 601 176 14 49 256 6 9 112 9 4 0 3 13 5 0 5 277 3 0 4 2 431 6 1312 0 7 2 1655 607 1080 1127 460 2042 918 285 446 923 256 529 2107 266 73 0 0 1 1 1 621 29 1 0 0 0 0 0 0 0 0 0 0 0 0 0 44 0 1 0 1 0 0 0 0 0
0 0 0 0 0 0 0 0 0 0 0 37 5 1409 144 1510 4 25 0 0 22 15 7 0 1 21 545 849 2 2 2 2 7 691 15 93 25 458 410 25 204 5 641 5 7 370 116 106 1295 100 24 98 216 1 1761 269 17 514 231 137 901 784 4846 6713 7295 1248 109 110 564 345 277 267 120 252 1435 10 6 4 299 10 16 212 0 9 1 8 7 5 2 160 252 1 17 14 4 2 383 1030 141 2 826 100 693 2729 448 813 924 10319 8993 7379 9542 1458 1142 85 41 68 171 2123 962 2 4 0 0 2 32 1276 5 0 0 0 0 0 0 0 2 0 0 0 0 3 6 0 0 0 0 0 0 0 0 0
0 1048 0 0 0 0 0 0 1 0 0 5 8 73 62 6 12 4 2 0 45 406 2 28 2 648 462 34 5 139 37 21 24 20 20 6 4 250 98 5 124 418 5 2 1 115 107 56 16 79 196 52 33 2 143 18 1 3 534 25 1733 514 1734 4007 7379 149 19 151 23 320 48 743 11 2676 822 827 448 37 275 5 38 1077 1 11 1108 74 670 1021 20 40 27 6 10 203 9 2 803 662 2227 1368 1342 208 21 191 63 120 671 2678 5221 7667 7594 2437 852 526 902 409 175 1252 91 16 250 0 0 50 104 13 0 0 0 0 1 2 0 0 0 0 0 0 0 10 0 0 4 0 0 0 0 0 0 0
0 0 2 2 0 0 0 1 0 0 1 71 5 90 8 6 45 2 4 14 9 11 10 53 404 667 64 246 141 229 7 1341 20 3 72 5 3 160 71 21 165 9 4 3 6 2 31 29 319 849 44 156 42 61 454 254 1661 70 811 748 61 375 99 214 222 49 4 33 26 185 1 41 2 5 124 19 274 626 838 344 69 85 10 4 606 157 60 9 22 17 18 38 1186 271 164 201 491 483 92 1338 239 559 1421 2779 594 4233 764 1961 7339 10942 11550 6878 194 165 209 165 195 533 78 332 3901 0 11 5 0 0 0 58 0 0 0 0 0 0 0 0 0 1 3 3 9 17 0 0 0 0 0 0 0 1
0 0 0 1 0 0 0 0 0 2 0 80 1 8 0 2 21 0 5 53 0 1 1 0 95 289 1 69 244 545 39 61 0 7 1 6 2 118 68 76 274 17 10 5 234 3 50 181 34 113 32 238 524 7 229 1923 363 685 12 275 719 101 46 27 110 16 2 7 28 48 92 42 74 0 82 14 2 3 14 1084 1653 2318 1242 560 746 1180 676 687 458 586 550 741 1072 1996 1122 249 1 59 2 366 167 7 56 127 5 125 7 307 10396 10136 7644 6924 1038 7 2 227 254 406 0 6 1551 98 120 6 43 0 1 0 0 0 0 0 0 0 0 1 0 1 5 0 0 0 0 0 0 0 0 0 0 0
0 0 0 1 0 0 0 0 0 1 0 92 0 12 0 1 19 2 0 2 79 2 0 0 325 220 41 54 11 1071 2231 2 3 13 3 27 1 1413 107 87 299 27 16 41 56 35 33 57 5 61 2 466 146 119 197 1 8 90 1 0 996 536 88 14 80 24 0 8 37 16 163 1363 3354 722 28 11 5 6 1 3 102 2200 988 2 13 9 49 365 21 154 20 12 40 342 183 10 792 925 20 32 109 518 330 60 4 63 29 945 2746 5923 5860 235 2008 40 0 0 12 19 1 16 1150 545 58 22 74 0 1 0 1 1 1 0 2 1 0 0 0 1 0 0 0 0 0 0 0 0 0 0 0 0
0 0 3 0 20 0 5 5 3 55 19 79 4 5 3 2 6 11 12 5 0 66 2 4 1449 13247 440 21 4 11 111 73 984 4 1 1028 14 331 100 71 269 5 6 47 334 45 0 47 0 68 53 64 18 2813 526 1 2 0 0 0 313 215 564 2034 204 24 437 4 21 204 537 69 76 0 1119 357 52 3 2 1 177 660 5 0 10 171 6 275 4 198 277 805 466 20 12 34 25 958 83 9 88 1115 1022 758 4 1389 525 506 728 1665 636 33 284 2161 1489 32 10 0 1 4 65 0 0 74 148 0 6 2 0 0 0 2 20 0 2 2 7 0 0 4 1 0 0 0 0 0 0 0 0 0
0 0 0 0 0 1 2 0 2 3 4 0 8 2 4 70 18 15 26 26 14 55 21 57 529 7 17 48 22 1285 32 967 1318 34 8 10 9 45 30 13 170 4 3 17 262 209 7 41 12 886 316 22 15 820 89 0 0 0 7 25 45 4 860 202 50 31 9 3 108 2855 103 208 16 7 87 9 4 6 10 494 41 5 5 5 405 46 4 12 1 9 403 1430 69 1 23 1 150 369 2 3 106 47 1009 457 433 3540 6 309 34 322 1488 44 66 416 3077 722 1622 197 240 421 532 6 0 121 1461 85 80 4 0 0 0 1 14 1 112 6 1 0 0 3 0 0 0 0 0 0 0 0 0 0
1 1 0 0 0 3 23 7 0 0 0 3 22 8 11 4 11 1 94 24 19 9 14 216 163 27 26 31 0 153 1 45 52 19 41 48 32 799 65 4 201 1502 9 22 0 1113 2 19 510 2356 273 0 20 1 1561 39 7 13 13 686 195 37 26 684 546 320 283 88 204 361 748 363 416 330 982 53 13 0 12 12 49 2 3 0 223 1 4 183 114 173 22 442 1 6 32 2 781 505 4 198 420 3 953 2034 971 133 175 59 454 329 200 1112 71 95 2139 9 88 135 37 2895 3187 200 31 13 6 30 17 38 774 1 0 6 23 0 7 0 0 1 1 4 0 0 1 0 0 0 0 0 0 4
0 0 0 0 2 0 1 2 4 4 7 3 15 2 1005 4 1 0 11 11 300 42 0 271 2 1 1 17 11 8 8 35 0 2 9 27 11 136 2609 451 406 1350 52 82 42 808 163 103 134 441 251 1 37 14 10 126 3 0 0 1 120 6 4 313 140 108 10 1 31 624 2926 194 5 3 603 11 1 1 6 24 1556 1 15 8 17 3 9 33 12 1709 528 89 3 9 27 82 2122 595 8 825 179 1138 145 4 3 1144 371 275 1780 399 42 23 71 85 284 10 21 847 457 64 19 283 599 1370 679 174 63 67 113 0 1 32 5 2 20 0 0 0 0 1 0 0 0 0 4 2 1 2 8 1
0 0 1 2 5 99 3 0 1 0 0 1 20 1 0 4 80 10 50 4 320 1140 12 285 26 6 27 18 14 15 20 18 8 2 5 3 0 141 16 4 362 151 3 1 1 21 26 130 46 80 64 27 82 0 13 56 0 1 0 1 38 3 1 382 4 47 8 0 24 7 78 158 911 18 8 16 8 0 1 47 30 1 0 3 7 2 385 111 2 1428 0 0 3 6 16 39 91 72 52 1165 429 31 19 747 1376 1798 157 552 828 1796 1635 48 455 2683 62 3 18 16 5 716 0 23 15 462 262 1044 441 56 18 2 0 34 427 310 876 421 2 0 0 0 5 1 5 5 2 0 0 0 0 0
0 0 0 1318 0 0 1 0 2 0 1 13 2 2 0 4 5 1 6 212 39 50 43 204 266 0 26 19 1730 2 0 8 39 1 6 4 1 544 36 42 12 1 1 0 0 18 11 271 31 28 8 4 38 1 1434 330 1 0 0 21 146 10 176 1843 64 217 8 1 14 236 237 250 473 25 1515 10 3 5 2 230 341 3 11 224 12 11 69 17 1 0 1 0 4 1 2040 417 53 74 1280 3246 1530 563 154 2929 160 31 21 25 45 484 1402 2014 1042 835 4232 525 22 372 0 2344 0 0 25 7 480 14 0 183 142 96 48 59 0 0 0 0 0 0 0 0 4 16 0 0 50 0 0 0 0 2
0 0 1 0 0 0 0 31 1 0 0 9 0 18 510 4 3 0 19 8 45 1 218 95 12 29 85 19 45 5 8 6 237 3 8 2 2 259 299 373 103 2404 0 2 2 28 305 245 34 19 54 10 43 979 1745 103 29 47 10813 2 752 1 3358 922 11 38 0 2 49 1575 102 376 84 204 299 1883 712 2 0 322 634 164 0 3 10 871 130 8 1 0 8 1 1 51 1345 1674 85 1 1 1817 651 3980 40 51 170 39 1012 24 4 46 15 387 14 5 3360 242 129 35 3 429 4 0 37 10 191 715 87 199 1980 37 1 41 0 0 0 0 0 0 0 1 0 2 0 0 0 0 0 0 0 0
0 0 2 25 0 0 0 0 0 1 0 14 6 6 2 17 29 109 1103 93 27 6425 816 92 83 0 12 2 8 15 6 0 17 27 70 4 3 0 50 36 202 24 0 27 66 11 464 36 47 3 6 7 42 18 157 37 6 20 2219 80 735 9 3153 428 45 137 1 4 66 23 70 1860 63 35 12 227 296 9 14 126 118 103 1 24 70 65 53 43 11 28 5 14 15 13 20 5 33 19 11 179 53 235 2 299 1310 116 1116 5 1 26 8 2 12 33 51 32 72 47 940 1239 39 27 35 14 1109 2063 23 76 0 385 979 0 0 65 2 0 0 0 0 0 0 2 0 0 0 1 0 0 0 0
0 0 0 1 0 6 0 0 0 3 0 5 2 0 0 11 123 2 17 3 4 27 252 67 43 4 1 3 60 11 27 32 39 41 406 12 7 21 28 28 103 215 35 299 14 12 3 4 36 21 4 7 20 0 19 2960 1101 2 5 3 1007 9 420 335 1036 48 12 3 9 2 47 3704 283 92 11 5 12 2 1192 96 28 23 105 22 1 35 91 1038 0 1 10 9 1 26 47 1 1 17 2 53 43 27 29 2275 1708 219 40 11 1 24 1668 0 0 1 6 6 177 6 1328 308 3 4 445 153 276 917 1 0 0 303 393 4 21 351 1 0 1 0 0 0 0 2 0 0 0 3 0 0 0 0
1 0 1 0 0 1 1 2 0 3 0 69 3 2 1 2 0 7 21 7 14 122 1438 1136 642 538 0 45 1057 30 784 0 16 5 89 0 0 2 2 7 28 94 12 1193 38 61 15 995 143 48 76 38 102 30 130 261 94 30 148 17 156 59 70 792 2173 403 80 66 54 781 5 2 170 256 157 34 18 21 111 154 35 30 225 5 0 13 0 1 3 0 0 0 0 15 94 0 5 1 0 16 1241 5 33 2370 23 17 12 2 9 5 83 1 0 1 0 10 57 60 1262 38 2 0 397 14 8 5 15 1 0 10 38 1 1 13 1 1 0 0 0 0 0 0 1 3 0 0 0 0 0 0
0 0 0 0 0 0 0 0 0 2 0 6 0 0 45 0 0 2 0 6 2431 210 329 1923 233 116 0 24 2 72 1 2 2 2 33 35 1 143 160 13 61 2 5 4 953 8 0 8 118 19 430 1102 18 8 20 219 0 12 27 1011 417 35 11 270 657 695 1379 30 136 394 46 34 73 107 851 11 13 20 39 48 32 5 1 9 1192 7 1 1 0 1 0 0 0 80 344 1 0 1 1 13 422 930 169 1482 2 64 76 4 2 1 27 1 2 0 0 405 77 6 10 21 0 0 277 8 15 3 0 205 19 2 26 314 14 2 0 0 0 0 0 0 0 0 0 0 0 0 0 0 1 0
0 0 0 0 0 0 1 2 0 0 5 4 0 0 6 0 325 1 125 17 530 1404 1217 537 386 308 26 55 19 45 14 12 10 12 9 31 5 204 4 12 513 8 2 638 2343 905 0 12 37 2 41 122 30 18 17 67 2 1 66 218 1 4 1086 524 527 1634 725 10 3 130 16 732 13 438 538 39 93 18 6 42 0 0 0 71 989 921 11 0 0 1 1 0 0 11 145 0 0 0 0 3 91 561 477 2 4 0 23 0 2 55 28 1 1 1 0 2088 17 2 11 35 0 4 3 0 11 27 0 367 0 225 11 145 55 355 1 13 0 0 0 0 0 0 0 0 0 0 0 0 0 0
0 0 0 0 0 0 0 1 2 2 7 10 0 2 10 47 4 6 97 129 305 700 1594 492 29 47 38 1 4 19 7 2 7 6 18 1 26 13 6 28 99 16 48 54 5 12 0 13 18 0 23 6 20 8 11 141 4 0 11 15 4 1222 98 331 387 691 824 0 14 9 3 149 65 790 95 40 2152 673 15 55 0 0 1 2 2620 576 66 1 1 0 0 0 1 0 21 2 1 0 0 1 60 3 64 1 0 0 1 0 1 123 91 0 0 1 861 569 0 1 1 28 1 70 0 0 17 310 0 44 0 0 11 0 11 12 0 0 1 0 0 0 0 0 4 0 0 0 0 0 0 0
